Date	Open	High	Low	Close	Volume	Adj Close
04/07/2008	59.31	59.34	56.82	57.04	3964000	57.04
03/07/2008	55.40	58.67	55.25	58.67	7412000	58.67
02/07/2008	56.60	57.40	55.62	56.15	4731400	56.15
01/07/2008	57.00	57.39	55.42	55.95	6373600	55.95
30/06/2008	57.53	58.01	56.10	57.54	6142600	57.54
27/06/2008	58.90	58.98	56.60	57.91	6613500	57.91
26/06/2008	60.26	60.54	58.64	59.00	5784800	59.00
25/06/2008	60.70	61.50	60.12	61.08	4942100	61.08
24/06/2008	58.53	60.45	58.23	59.88	8382000	59.88
23/06/2008	58.75	59.94	58.50	58.74	4156700	58.74
20/06/2008	60.65	61.07	58.55	59.31	9048100	59.31
19/06/2008	61.11	61.55	60.13	60.26	6265000	60.26
18/06/2008	63.15	63.30	61.56	61.74	5743600	61.74
17/06/2008	62.46	64.10	62.27	63.60	7103000	63.60
16/06/2008	62.70	63.88	61.10	61.90	5430400	61.90
13/06/2008	61.00	62.15	60.05	61.52	4273200	61.52
12/06/2008	59.30	61.62	59.27	61.28	5761100	61.28
11/06/2008	61.98	62.92	59.05	59.65	7162400	59.65
10/06/2008	59.30	61.83	58.78	60.80	5934900	60.80
06/06/2008	63.81	63.83	60.62	60.62	6111900	60.62
05/06/2008	63.61	64.35	62.72	63.10	5106900	63.10
04/06/2008	64.00	64.36	62.63	63.87	5238700	63.87
03/06/2008	64.63	65.00	64.00	64.36	4181500	64.36
02/06/2008	66.90	66.90	64.65	65.00	3448900	65.00
30/05/2008	65.68	66.95	65.60	66.34	3740200	66.34
29/05/2008	66.08	66.29	64.87	65.32	4354600	65.32
28/05/2008	65.86	67.35	65.55	65.55	4445000	65.55
27/05/2008	66.65	67.04	65.31	65.86	3680500	65.86
26/05/2008	64.90	66.68	64.55	66.60	5307000	66.60
23/05/2008	68.65	69.07	67.79	67.97	5156300	67.97
22/05/2008	68.00	69.32	67.51	68.82	5250400	68.82
21/05/2008	69.00	69.37	67.35	68.00	5529700	68.00
20/05/2008	69.40	69.69	68.30	68.70	3587800	68.70
19/05/2008	70.50	70.60	69.32	69.97	3362000	69.97
16/05/2008	71.10	71.40	69.65	70.01	4900500	70.01
15/05/2008	70.96	70.96	69.66	70.57	4165100	70.57
14/05/2008	68.86	70.99	68.54	70.78	7936000	70.78
13/05/2008	67.75	68.18	66.47	67.50	3808000	67.50
12/05/2008	67.75	67.97	66.52	67.31	1834300	67.31
09/05/2008	68.15	68.28	66.65	67.44	4897100	67.44
08/05/2008	69.10	69.22	68.20	68.89	3406800	68.89
07/05/2008	70.78	70.89	69.70	69.76	3748200	69.76
06/05/2008	71.04	71.08	69.50	70.19	3850800	70.19
05/05/2008	71.00	71.60	70.61	71.04	2260200	71.04
02/05/2008	70.50	72.18	70.33	71.32	5936600	71.32
30/04/2008	69.20	69.41	68.31	69.25	3326900	69.25
29/04/2008	69.00	69.88	68.61	69.46	3591300	69.46
28/04/2008	69.43	70.48	69.41	69.76	2827900	69.76
25/04/2008	69.00	70.45	68.76	69.18	3765000	69.18
24/04/2008	67.20	68.54	66.54	68.41	4322700	68.41
23/04/2008	67.55	68.06	65.93	67.71	4177400	67.71
22/04/2008	67.82	68.62	67.06	67.59	3851800	67.59
21/04/2008	69.73	70.50	68.14	68.75	4343100	68.75
18/04/2008	67.98	70.53	67.85	70.03	7308700	70.03
17/04/2008	67.71	68.93	67.37	67.64	4630700	67.64
16/04/2008	66.00	67.47	65.48	67.16	4317000	67.16
15/04/2008	66.40	66.59	64.83	65.75	4217000	65.75
14/04/2008	65.50	66.75	65.40	66.01	4479200	66.01
11/04/2008	67.85	68.34	66.10	66.58	5011000	66.58
10/04/2008	68.25	68.36	65.99	67.16	6480400	67.16
09/04/2008	68.92	69.26	67.83	68.10	5494200	68.10
08/04/2008	68.71	69.84	68.50	69.68	4864500	69.68
07/04/2008	69.06	70.78	68.85	70.21	5390400	70.21
04/04/2008	69.17	69.83	67.47	68.55	4292100	68.55
03/04/2008	69.88	69.90	67.52	68.56	6627300	68.56
02/04/2008	68.50	70.50	68.13	69.87	9304300	69.87
01/04/2008	63.32	68.50	63.19	67.75	8428100	67.75
31/03/2008	64.10	64.17	63.00	63.89	4218300	63.89
28/03/2008	64.35	65.18	63.84	64.49	3820000	64.49
27/03/2008	64.00	65.49	63.63	64.63	5562500	64.63
26/03/2008	63.01	64.49	62.51	63.60	6651900	63.60
25/03/2008	64.17	64.97	63.35	64.25	8312800	64.25
24/03/2008	61.51	61.51	61.51	61.51	0	61.51
21/03/2008	61.51	61.51	61.51	61.51	0	61.51
20/03/2008	60.00	61.67	58.68	61.51	10873200	61.51
19/03/2008	62.00	62.79	59.73	60.76	18841100	60.76
18/03/2008	54.92	58.30	54.80	58.06	9378800	58.06
17/03/2008	54.01	54.89	52.12	53.85	12304500	53.85
14/03/2008	57.94	59.69	55.55	56.50	8453800	56.50
13/03/2008	57.91	58.27	56.42	57.94	6890000	57.94
12/03/2008	59.75	61.48	59.22	59.54	8090600	59.54
11/03/2008	56.52	59.15	55.82	58.22	7678700	58.22
10/03/2008	57.00	57.71	55.54	56.06	4710600	56.06
07/03/2008	57.05	58.24	56.20	57.45	6173000	57.45
06/03/2008	59.39	59.52	57.49	57.90	4910000	57.90
05/03/2008	59.25	60.10	58.46	59.86	4320900	59.86
04/03/2008	58.48	59.71	57.52	58.41	5696200	58.41
03/03/2008	59.00	59.48	58.05	58.68	5046800	58.68
29/02/2008	60.52	61.11	59.10	59.57	8130100	59.57
28/02/2008	63.44	63.79	60.75	61.36	9525800	61.36
27/02/2008	64.95	64.95	62.52	63.92	5648500	63.92
26/02/2008	64.93	65.11	62.91	64.97	8055700	64.97
25/02/2008	62.16	64.53	62.11	64.24	7667500	64.24
22/02/2008	61.24	63.53	60.63	61.20	5815200	61.20
21/02/2008	60.36	62.43	60.03	61.69	8499100	61.69
20/02/2008	59.15	61.30	58.52	59.69	8355000	59.69
19/02/2008	59.99	61.75	59.26	59.99	6519200	59.99
18/02/2008	60.44	60.99	59.04	60.44	3382100	60.44
15/02/2008	60.55	60.99	58.65	59.11	6993100	59.11
14/02/2008	62.11	62.80	60.50	61.15	4520400	61.15
13/02/2008	59.76	62.10	59.45	61.19	4993600	61.19
12/02/2008	59.28	60.70	57.50	60.67	7501900	60.67
11/02/2008	58.15	59.46	57.88	58.48	4548300	58.48
08/02/2008	61.01	61.60	58.45	59.08	6942400	59.08
07/02/2008	61.31	61.31	59.64	60.30	4817700	60.30
06/02/2008	60.52	61.68	59.39	61.45	8222600	61.45
05/02/2008	64.50	64.71	61.28	61.44	8788000	61.44
04/02/2008	66.11	66.11	64.66	65.20	3717500	65.20
01/02/2008	66.11	66.75	64.23	65.28	9027000	65.28
31/01/2008	66.50	67.10	64.06	65.83	7368900	65.83
30/01/2008	66.50	68.50	65.15	66.83	8451500	66.83
29/01/2008	66.35	68.68	65.76	67.60	7358300	67.60
28/01/2008	63.83	65.80	63.52	65.68	5427800	65.68
25/01/2008	69.45	69.45	65.05	65.50	9287200	65.50
24/01/2008	67.19	69.26	66.31	67.92	13555100	67.92
23/01/2008	68.64	68.85	63.09	63.57	13146200	63.57
22/01/2008	59.20	67.92	57.78	66.65	18798400	66.65
21/01/2008	67.50	67.89	62.12	62.71	15420900	62.71
18/01/2008	72.81	73.21	69.11	69.39	9687800	69.39
17/01/2008	73.91	74.32	72.11	72.38	5581000	72.38
16/01/2008	71.81	74.10	71.15	73.17	8219000	73.17
15/01/2008	73.70	75.41	72.19	72.25	8484100	72.25
14/01/2008	72.47	74.61	72.45	73.72	4811900	73.72
11/01/2008	71.27	73.27	71.01	72.68	5132400	72.68
10/01/2008	71.75	72.76	70.96	70.99	4825300	70.99
09/01/2008	71.29	72.06	70.82	71.22	5433800	71.22
08/01/2008	72.56	72.77	71.12	71.82	5160800	71.82
07/01/2008	71.75	73.15	71.71	72.37	3687600	72.37
04/01/2008	73.05	74.21	71.66	72.40	4506500	72.40
03/01/2008	73.11	73.88	72.62	73.42	2787000	73.42
02/01/2008	74.06	74.98	73.12	73.49	2771200	73.49
01/01/2008	74.22	74.22	74.22	74.22	0	74.22
31/12/2007	74.08	74.38	73.91	74.22	524000	74.22
28/12/2007	73.98	75.29	73.98	74.50	1612100	74.50
27/12/2007	74.50	75.28	74.15	74.59	2729900	74.59
26/12/2007	73.89	73.89	73.89	73.89	0	73.89
25/12/2007	73.89	73.89	73.89	73.89	0	73.89
24/12/2007	74.75	74.75	73.82	73.89	651300	73.89
21/12/2007	74.45	75.31	74.02	74.04	8898200	74.04
20/12/2007	73.51	74.10	72.95	73.42	3904900	73.42
19/12/2007	73.35	73.99	72.11	73.07	3687800	73.07
18/12/2007	73.00	75.10	73.00	73.26	4435300	73.26
17/12/2007	73.40	73.94	72.50	73.36	5075900	73.36
14/12/2007	75.35	75.42	73.10	74.64	4414800	74.64
13/12/2007	76.48	76.61	74.20	74.73	7206400	74.73
12/12/2007	76.11	78.37	75.26	77.62	6941000	77.62
11/12/2007	78.71	78.72	76.75	77.40	4159200	77.40
10/12/2007	77.00	79.25	76.61	78.22	4589400	78.22
07/12/2007	77.00	78.32	76.57	77.87	5626700	77.87
06/12/2007	76.14	78.29	75.91	76.87	6207800	76.87
05/12/2007	74.34	75.95	73.99	75.74	4358200	75.74
04/12/2007	74.55	74.70	73.13	74.00	6149300	74.00
03/12/2007	76.51	77.00	74.80	75.32	5993300	75.32
30/11/2007	76.00	78.19	75.56	77.15	7132200	77.15
29/11/2007	75.30	76.80	74.85	75.64	6757500	75.64
28/11/2007	72.40	75.36	72.00	74.43	8325700	74.43
27/11/2007	70.29	73.25	70.00	71.79	8941600	71.79
26/11/2007	72.35	73.27	70.05	70.50	5592900	70.50
23/11/2007	68.00	72.30	68.00	71.93	8307300	71.93
22/11/2007	69.03	69.22	67.62	68.45	4915200	68.45
21/11/2007	69.48	70.10	68.08	68.66	6652900	68.66
20/11/2007	70.20	71.32	68.75	70.86	6924300	70.86
19/11/2007	71.60	72.05	69.42	69.75	5345500	69.75
16/11/2007	72.15	72.32	70.59	71.46	6764700	71.46
15/11/2007	72.90	73.55	71.15	72.70	7015400	72.70
14/11/2007	74.80	75.55	72.50	72.74	8918200	72.74
13/11/2007	71.35	73.25	70.12	72.35	7511700	72.35
12/11/2007	67.87	71.90	67.87	71.36	10357400	71.36
09/11/2007	71.09	71.60	67.54	68.59	11157000	68.59
08/11/2007	70.00	72.74	68.71	70.51	11519900	70.51
07/11/2007	71.91	72.49	69.55	70.70	5450900	70.70
06/11/2007	70.93	71.57	69.36	70.68	5850300	70.68
05/11/2007	70.53	70.74	68.80	70.35	9143300	70.35
02/11/2007	72.00	72.01	70.61	71.52	8640600	71.52
01/11/2007	76.30	76.30	72.05	73.00	9488800	73.00
31/10/2007	74.50	76.49	74.50	76.09	6127400	76.09
30/10/2007	73.57	75.00	73.50	74.62	4519200	74.62
29/10/2007	74.70	75.06	73.86	74.15	4101200	74.15
26/10/2007	73.88	74.41	72.64	73.94	4368900	73.94
25/10/2007	74.00	74.72	73.27	73.79	4416800	73.79
24/10/2007	74.11	74.76	72.74	73.45	4523800	73.45
23/10/2007	74.65	74.98	73.96	74.49	3849500	74.49
22/10/2007	75.35	74.82	73.64	74.49	4429000	74.49
19/10/2007	76.07	76.14	75.20	75.67	5245700	75.67
18/10/2007	77.99	78.16	75.87	76.63	4715600	76.63
17/10/2007	76.88	78.65	76.55	77.65	4747600	77.65
16/10/2007	77.93	78.03	76.35	77.27	6264400	77.27
15/10/2007	79.85	79.98	78.11	78.48	3770400	78.48
12/10/2007	79.50	79.90	78.51	79.90	4597100	79.90
11/10/2007	80.31	81.66	80.10	80.35	3566500	80.35
10/10/2007	81.03	81.42	79.47	80.48	3606900	80.48
09/10/2007	81.20	81.44	80.38	81.25	4657000	81.25
08/10/2007	82.70	82.85	81.12	81.80	2990500	81.80
05/10/2007	81.56	82.69	80.62	82.41	5220600	82.41
04/10/2007	80.00	82.73	80.00	81.15	7037500	81.15
03/10/2007	79.95	80.94	79.72	80.54	4682900	80.54
02/10/2007	78.80	80.88	78.70	79.92	8815900	79.92
01/10/2007	75.56	78.60	75.30	77.97	6188300	77.97
28/09/2007	76.29	77.20	75.91	76.74	6049400	76.74
27/09/2007	75.12	77.05	74.86	76.31	7883700	76.31
26/09/2007	74.30	74.70	73.61	74.26	5054800	74.26
25/09/2007	74.21	74.58	72.95	74.30	7136700	74.30
24/09/2007	76.70	76.75	74.12	75.32	6357700	75.32
21/09/2007	76.35	78.00	76.30	77.07	6866800	77.07
20/09/2007	76.87	77.52	75.88	77.14	6808000	77.14
19/09/2007	76.80	79.00	76.80	78.00	12776400	78.00
18/09/2007	70.98	74.45	70.53	74.19	8278800	74.19
17/09/2007	72.98	72.98	71.02	71.95	6737200	71.95
14/09/2007	74.10	74.10	72.27	73.72	5861100	73.72
13/09/2007	73.47	75.05	73.01	74.84	5731800	74.84
12/09/2007	73.22	74.40	72.91	74.18	4480900	74.18
11/09/2007	72.95	74.00	71.96	73.52	4812600	73.52
10/09/2007	72.90	73.54	72.10	72.36	4811500	72.36
07/09/2007	75.50	75.50	71.85	73.12	9831000	73.12
06/09/2007	76.95	77.07	74.29	75.70	7153200	75.70
05/09/2007	78.26	78.26	75.78	76.24	5526700	76.24
04/09/2007	76.77	78.52	75.83	78.30	6045200	78.30
03/09/2007	77.42	78.18	77.05	77.37	2605200	77.37
31/08/2007	77.11	78.00	76.50	77.42	4916100	77.42
30/08/2007	77.56	77.74	75.62	76.42	4434900	76.42
29/08/2007	75.39	76.04	74.47	76.04	5727200	76.04
28/08/2007	78.27	78.40	75.33	75.86	5510500	75.86
27/08/2007	78.43	79.38	78.20	78.50	2364300	78.50
24/08/2007	78.00	78.39	76.65	77.71	3854800	77.71
23/08/2007	79.87	79.90	78.33	78.40	3963600	78.40
22/08/2007	78.55	79.60	78.32	78.66	4527800	78.66
21/08/2007	78.12	79.00	76.81	78.32	4593200	78.32
20/08/2007	79.99	80.90	77.96	78.30	6009600	78.30
17/08/2007	74.81	82.13	74.30	78.20	16266900	78.20
16/08/2007	75.50	75.91	73.84	74.67	9734700	74.67
15/08/2007	77.00	77.05	74.89	77.05	9389000	77.05
14/08/2007	80.00	80.34	77.47	78.18	7025900	78.18
13/08/2007	79.75	81.70	79.50	81.00	6086800	81.00
10/08/2007	80.00	80.59	77.50	78.97	9390200	78.97
09/08/2007	83.65	84.00	80.00	82.57	12730500	82.57
08/08/2007	84.04	85.85	83.30	85.45	7566600	85.45
07/08/2007	82.34	83.44	81.75	82.97	7266800	82.97
06/08/2007	79.01	80.24	78.85	79.95	4100000	79.95
03/08/2007	82.41	82.41	79.83	80.46	4556100	80.46
02/08/2007	81.70	82.81	81.34	81.80	5509900	81.80
01/08/2007	79.61	81.34	78.60	80.65	7338000	80.65
31/07/2007	81.00	82.56	80.58	81.73	7668500	81.73
30/07/2007	79.70	80.21	78.75	79.27	6706400	79.27
27/07/2007	78.42	80.41	78.13	79.65	7562500	79.65
26/07/2007	82.10	82.20	79.08	79.12	6788300	79.12
25/07/2007	82.83	83.03	81.19	81.76	5261000	81.76
24/07/2007	84.14	85.25	82.81	83.29	5070400	83.29
23/07/2007	84.11	85.09	83.34	85.03	3746200	85.03
20/07/2007	86.32	86.52	84.00	84.24	5096400	84.24
19/07/2007	86.92	86.92	85.96	86.84	3237100	86.84
18/07/2007	86.93	87.59	86.11	86.11	4047600	86.11
17/07/2007	88.15	88.59	87.19	88.08	3679100	88.08
16/07/2007	87.40	88.90	87.14	88.67	2990900	88.67
13/07/2007	87.88	88.00	87.10	87.37	2972400	87.37
12/07/2007	85.95	86.79	85.14	86.75	3619800	86.75
11/07/2007	85.99	86.10	84.37	85.80	5306100	85.80
10/07/2007	88.35	88.50	85.90	86.59	4344000	86.59
09/07/2007	89.00	89.27	87.89	88.08	2993800	88.08
06/07/2007	87.82	88.71	87.74	88.32	1880700	88.32
05/07/2007	88.33	88.60	87.30	87.77	2686700	87.77
04/07/2007	88.85	88.89	88.03	88.21	1963700	88.21
03/07/2007	88.37	89.05	88.31	88.45	4140500	88.45
02/07/2007	87.60	87.88	87.00	87.35	2905600	87.35
29/06/2007	87.90	88.58	86.28	88.36	4715500	88.36
28/06/2007	87.77	87.77	86.23	87.00	4589300	87.00
27/06/2007	87.25	87.27	85.70	86.85	5129200	86.85
26/06/2007	87.92	88.41	87.15	87.66	3704100	87.66
25/06/2007	87.92	88.89	87.16	88.80	3984000	88.80
22/06/2007	90.33	90.33	88.18	88.55	4274600	88.55
21/06/2007	90.44	90.70	88.89	89.58	4582900	89.58
20/06/2007	91.44	91.56	90.76	91.10	3207300	91.10
19/06/2007	91.65	92.04	90.74	90.96	3256000	90.96
18/06/2007	91.88	92.31	90.74	91.32	3429100	91.32
15/06/2007	90.77	91.94	90.40	91.51	7078400	91.51
14/06/2007	89.87	90.52	89.04	90.52	4814100	90.52
13/06/2007	87.69	89.36	87.19	88.36	4739000	88.36
12/06/2007	88.71	89.44	87.30	88.06	5170400	88.06
11/06/2007	89.30	89.30	88.26	88.89	4546800	88.89
08/06/2007	88.16	89.00	86.25	87.16	10257600	87.16
07/06/2007	87.50	88.00	85.11	85.86	7296500	85.86
06/06/2007	88.98	89.00	86.46	86.97	7256000	86.97
05/06/2007	90.90	90.90	88.72	89.10	5380100	89.10
04/06/2007	91.00	91.10	90.01	90.42	3725700	90.42
01/06/2007	90.65	91.48	90.13	91.48	4571000	91.48
31/05/2007	91.25	91.25	90.00	90.18	4506700	90.18
30/05/2007	90.06	90.62	89.45	90.58	3538500	90.58
29/05/2007	91.19	91.19	90.27	90.95	2803300	90.95
28/05/2007	90.97	91.10	90.01	91.10	766000	91.10
25/05/2007	89.20	90.87	89.16	90.87	5009500	90.87
24/05/2007	91.04	91.45	89.32	89.46	6059200	89.46
23/05/2007	93.21	94.25	93.20	94.25	4910600	91.15
22/05/2007	94.16	94.37	93.10	93.48	3499400	90.41
21/05/2007	94.31	94.47	93.37	93.55	3291400	90.47
18/05/2007	92.80	94.42	92.50	94.17	4393200	91.07
17/05/2007	93.56	93.95	92.28	92.59	2810900	89.54
16/05/2007	93.78	93.99	92.81	93.11	4520900	90.05
15/05/2007	92.77	94.22	92.21	93.97	4649600	90.88
14/05/2007	94.50	95.07	92.38	92.87	6910400	89.82
11/05/2007	91.25	94.92	90.32	93.75	10728800	90.67
10/05/2007	91.23	93.05	91.20	92.38	8855000	89.34
09/05/2007	88.85	91.45	88.85	91.15	13184500	88.15
08/05/2007	86.90	87.79	86.35	87.50	5613500	84.62
07/05/2007	87.89	87.95	87.37	87.41	2927000	84.53
04/05/2007	86.64	87.69	86.45	87.54	4541700	84.66
03/05/2007	86.90	86.93	85.90	86.50	5130700	83.65
02/05/2007	85.90	86.84	85.68	86.40	4297900	83.56
01/05/2007	85.65	85.65	85.65	85.65	0	82.83
30/04/2007	84.81	86.09	84.81	85.65	2813900	82.83
27/04/2007	86.27	86.34	84.98	85.39	3922400	82.58
26/04/2007	86.00	86.50	85.31	86.02	4352200	83.19
25/04/2007	85.41	86.10	85.14	85.70	4181400	82.88
24/04/2007	85.15	85.90	83.65	84.96	4925100	82.17
23/04/2007	86.40	86.78	85.10	85.50	5553700	82.69
20/04/2007	83.80	87.50	83.58	86.45	15798400	83.61
19/04/2007	82.55	83.31	82.14	83.23	6470100	80.49
18/04/2007	83.29	83.98	82.47	83.59	5622700	80.84
17/04/2007	83.05	83.50	82.58	83.29	4890100	80.55
16/04/2007	81.95	84.00	81.71	83.36	6817200	80.62
13/04/2007	81.10	81.45	80.59	81.04	3951300	78.37
12/04/2007	80.39	80.54	79.45	80.30	4155800	77.66
11/04/2007	80.52	81.58	79.80	80.13	5159200	77.49
10/04/2007	80.60	80.73	79.83	80.61	4848800	77.96
09/04/2007	80.09	80.09	80.09	80.09	0	77.46
06/04/2007	80.09	80.09	80.09	80.09	0	77.46
05/04/2007	79.15	80.44	79.15	80.09	4668000	77.46
04/04/2007	79.30	79.44	78.82	79.38	3610500	76.77
03/04/2007	78.82	79.12	78.27	78.85	5000800	76.26
02/04/2007	78.00	78.16	77.11	77.98	4627200	75.42
30/03/2007	77.85	78.84	77.51	78.19	4511200	75.62
29/03/2007	77.85	78.18	77.34	77.89	4728000	75.33
28/03/2007	77.75	78.15	76.75	77.24	4687400	74.70
27/03/2007	78.70	78.94	78.00	78.28	3491300	75.71
26/03/2007	79.35	79.45	77.32	78.00	4559000	75.43
23/03/2007	79.91	80.00	78.65	79.45	5339500	76.84
22/03/2007	79.25	80.05	78.77	80.00	6509900	77.37
21/03/2007	78.52	79.08	77.66	77.80	3937400	75.24
20/03/2007	78.00	78.67	77.27	78.43	3781600	75.85
19/03/2007	77.34	78.37	77.07	78.00	5396500	75.43
16/03/2007	76.94	77.08	75.53	76.20	6927200	73.69
15/03/2007	76.86	77.01	75.30	76.60	8027700	74.08
14/03/2007	76.19	76.62	75.21	75.43	11181800	72.95
13/03/2007	79.40	79.94	78.00	78.12	5254400	75.55
12/03/2007	80.83	81.00	79.41	79.50	4749600	76.89
09/03/2007	80.01	80.60	79.10	80.42	5710200	77.77
08/03/2007	79.31	80.57	79.07	80.24	7049800	77.60
07/03/2007	78.47	78.64	77.74	78.36	5470600	75.78
06/03/2007	78.40	78.49	77.51	78.17	6026000	75.60
05/03/2007	76.00	77.82	75.57	77.44	7444900	74.89
02/03/2007	78.81	79.19	76.68	77.27	7501300	74.73
01/03/2007	78.80	79.60	75.91	78.38	10669200	75.80
28/02/2007	79.14	80.23	77.25	78.94	8918000	76.34
27/02/2007	81.97	81.97	80.20	80.35	6420000	77.71
26/02/2007	82.60	83.12	82.15	82.30	3315200	79.59
23/02/2007	82.17	82.37	80.84	82.31	5764200	79.60
22/02/2007	82.89	83.09	81.55	81.71	5572400	79.02
21/02/2007	83.11	83.42	81.99	82.22	4354500	79.52
20/02/2007	83.14	83.25	82.16	82.79	3977900	80.07
19/02/2007	83.48	83.53	82.86	83.00	3687100	80.27
16/02/2007	83.80	83.85	82.30	83.15	7369300	80.42
15/02/2007	85.00	85.20	83.20	83.70	15541100	80.95
14/02/2007	86.45	87.30	85.95	87.00	4253100	84.14
13/02/2007	86.45	86.60	85.90	86.60	2660300	83.75
12/02/2007	86.55	86.65	85.55	86.00	3318300	83.17
09/02/2007	87.40	87.85	86.80	87.25	2629200	84.38
08/02/2007	87.40	87.45	86.40	86.95	3588200	84.09
07/02/2007	87.10	87.75	86.80	87.65	3162100	84.77
06/02/2007	87.05	87.75	86.85	86.90	2624300	84.04
05/02/2007	86.50	86.95	86.20	86.80	3551700	83.95
02/02/2007	86.60	87.50	86.35	86.90	4062800	84.04
01/02/2007	86.45	87.05	86.00	86.20	4824900	83.36
31/01/2007	85.90	86.40	85.40	85.55	5084600	82.74
30/01/2007	84.15	85.80	83.95	85.55	4297600	82.74
29/01/2007	83.75	84.45	83.25	84.15	3206000	81.38
26/01/2007	84.10	84.10	82.70	83.10	4497800	80.37
25/01/2007	85.00	85.80	84.30	84.55	4318500	81.77
24/01/2007	83.70	84.95	83.65	84.80	3808300	82.01
23/01/2007	83.50	83.70	82.80	83.50	3176200	80.75
22/01/2007	84.75	84.85	83.15	83.15	4187900	80.42
19/01/2007	83.25	84.65	83.00	84.50	4408000	81.72
18/01/2007	84.35	84.90	83.30	83.60	3457600	80.85
17/01/2007	84.85	85.05	83.70	83.90	2898300	81.14
16/01/2007	85.55	85.85	84.80	85.00	2634500	82.20
15/01/2007	85.60	85.95	84.80	85.45	2564000	82.64
12/01/2007	85.00	85.75	84.80	85.20	3276400	82.40
11/01/2007	83.25	85.00	82.90	85.00	5128600	82.20
10/01/2007	83.20	83.50	82.45	82.70	3952200	79.98
09/01/2007	84.35	85.00	83.90	83.90	3512000	81.14
08/01/2007	84.25	84.95	83.60	84.05	3271400	81.29
05/01/2007	84.90	85.05	84.10	84.10	2883700	81.33
04/01/2007	85.00	85.55	84.40	85.25	3068800	82.45
03/01/2007	85.10	85.75	84.50	85.45	3805300	82.64
02/01/2007	83.50	85.05	83.40	84.70	3842600	81.91
01/01/2007	82.65	82.65	82.65	82.65	0	79.93
29/12/2006	82.90	83.35	82.55	82.65	1722500	79.93
28/12/2006	82.85	83.10	82.40	82.60	1635200	79.88
27/12/2006	81.40	82.60	81.25	82.40	2331500	79.69
26/12/2006	80.50	80.50	80.50	80.50	0	77.85
25/12/2006	80.50	80.50	80.50	80.50	0	77.85
22/12/2006	81.80	81.80	80.10	80.50	3014100	77.85
21/12/2006	81.85	82.35	81.55	81.80	5273100	79.11
20/12/2006	82.70	82.85	81.70	82.30	3751100	79.59
19/12/2006	83.00	83.10	81.80	82.00	3629500	79.30
18/12/2006	83.10	83.75	82.70	83.15	3032300	80.42
15/12/2006	83.30	83.45	82.45	83.15	5101700	80.42
14/12/2006	82.60	83.15	82.10	83.05	5836000	80.32
13/12/2006	81.10	82.15	80.55	81.95	5410200	79.25
12/12/2006	81.25	81.40	80.50	81.10	6303500	78.43
11/12/2006	81.35	81.65	80.25	81.10	4459100	78.43
08/12/2006	80.65	81.25	79.60	80.70	4890900	78.05
07/12/2006	80.75	82.00	80.40	81.30	5100200	78.63
06/12/2006	81.45	81.85	80.65	81.10	2787700	78.43
05/12/2006	80.90	81.85	79.80	81.40	4028400	78.72
04/12/2006	80.10	80.70	79.25	80.50	4774400	77.85
01/12/2006	81.60	82.60	79.65	79.90	5238900	77.27
30/11/2006	82.25	82.60	81.20	81.35	3916500	78.67
29/11/2006	81.50	82.60	81.10	82.20	5182700	79.50
28/11/2006	80.75	81.40	79.55	81.15	5204600	78.48
27/11/2006	82.75	82.90	80.75	80.90	4415600	78.24
24/11/2006	83.35	83.60	82.10	83.00	3476900	80.27
23/11/2006	84.60	84.60	82.85	83.70	3137900	80.95
22/11/2006	84.60	84.75	83.45	84.20	3167700	81.43
21/11/2006	84.15	84.80	83.55	84.05	3166600	81.29
20/11/2006	83.20	84.35	82.80	84.05	2971500	81.29
17/11/2006	84.40	84.65	83.15	83.65	4087600	80.90
16/11/2006	85.20	85.20	83.65	84.45	7236100	81.67
15/11/2006	87.10	87.10	86.20	86.20	2234300	83.36
14/11/2006	87.00	87.00	86.15	86.50	3430800	83.65
13/11/2006	86.00	87.10	86.00	86.85	2669900	83.99
10/11/2006	85.80	86.10	84.80	86.10	3144900	83.27
09/11/2006	86.40	86.45	85.40	85.95	2895900	83.12
08/11/2006	85.90	86.75	85.90	86.50	2346100	83.65
07/11/2006	85.65	86.95	85.40	86.45	3431200	83.61
06/11/2006	84.00	85.30	84.00	85.30	2579800	82.49
03/11/2006	84.15	84.40	83.45	84.00	2868500	81.24
02/11/2006	85.25	85.45	83.60	83.85	4434700	81.09
01/11/2006	86.30	86.30	85.30	85.85	2220600	83.03
31/10/2006	85.75	86.65	85.50	86.15	2210400	83.32
30/10/2006	85.80	86.20	85.35	85.65	2241300	82.83
27/10/2006	87.35	87.45	86.15	86.55	1863600	83.70
26/10/2006	87.05	87.40	86.65	87.00	3085300	84.14
25/10/2006	86.15	87.15	85.85	86.45	2821900	83.61
24/10/2006	87.70	87.90	86.10	86.65	2738600	83.80
23/10/2006	86.85	87.50	85.85	87.20	1964100	84.33
20/10/2006	86.60	87.15	85.85	86.25	3821200	83.41
19/10/2006	85.70	86.95	85.55	86.50	2713900	83.65
18/10/2006	85.45	86.75	85.10	86.30	2715200	83.46
17/10/2006	86.10	86.25	84.45	84.65	3390100	81.87
16/10/2006	87.40	87.50	85.90	86.20	3740500	83.36
13/10/2006	88.50	88.50	86.75	87.10	2932000	84.24
12/10/2006	86.35	88.20	86.30	87.95	3511200	85.06
11/10/2006	86.60	86.75	85.75	86.45	2953000	83.61
10/10/2006	87.20	87.65	86.35	87.00	5734100	84.14
09/10/2006	86.50	87.20	86.30	86.75	1776900	83.90
06/10/2006	87.15	88.05	86.55	86.90	3145900	84.04
05/10/2006	87.00	87.50	86.45	86.65	3255800	83.80
04/10/2006	84.75	86.05	84.55	86.00	4312800	83.17
03/10/2006	83.95	84.40	83.80	84.10	2547000	81.33
02/10/2006	85.05	85.35	83.85	84.45	2214700	81.67
29/09/2006	84.95	85.35	84.65	84.85	2106100	82.06
28/09/2006	85.00	85.10	84.35	84.75	3149400	81.96
27/09/2006	84.85	85.35	84.20	85.20	4580200	82.40
26/09/2006	83.85	84.60	83.50	84.30	3883300	81.53
25/09/2006	83.30	84.00	82.55	83.00	3917100	80.27
22/09/2006	83.40	83.75	82.45	82.80	2881700	80.08
21/09/2006	83.85	84.80	83.50	84.35	2777200	81.58
20/09/2006	82.05	84.15	81.80	83.95	3389900	81.19
19/09/2006	83.25	83.35	81.90	82.10	3202100	79.40
18/09/2006	83.35	83.80	82.85	83.25	2581100	80.51
15/09/2006	83.00	83.75	82.70	83.10	7338400	80.37
14/09/2006	83.00	83.30	82.30	82.70	2776600	79.98
13/09/2006	83.00	83.15	82.00	82.70	2525300	79.98
12/09/2006	81.95	82.75	81.05	82.60	3903700	79.88
11/09/2006	82.00	82.25	81.35	82.00	1988100	79.30
08/09/2006	82.45	82.95	82.10	82.45	2715200	79.74
07/09/2006	82.65	82.80	81.60	81.95	2924300	79.25
06/09/2006	83.75	83.95	82.25	82.70	2650700	79.98
05/09/2006	84.45	84.50	83.20	83.75	2186800	81.00
04/09/2006	83.50	84.70	83.35	84.35	2224200	81.58
01/09/2006	82.70	83.70	82.60	83.25	2488500	80.51
31/08/2006	84.00	84.05	82.50	82.95	2698000	80.22
30/08/2006	83.90	84.15	83.55	83.65	2091500	80.90
29/08/2006	83.00	84.20	82.85	83.50	3538800	80.75
28/08/2006	82.20	83.15	81.65	82.80	1539100	80.08
25/08/2006	82.30	82.90	81.50	82.50	2024400	79.79
24/08/2006	81.40	82.70	80.75	82.15	2456400	79.45
23/08/2006	82.55	82.70	80.80	81.00	2605700	78.34
22/08/2006	82.05	82.60	81.00	82.40	2979100	79.69
21/08/2006	83.10	83.20	81.70	81.70	3067400	79.01
18/08/2006	83.80	84.20	82.80	83.20	3599600	80.46
17/08/2006	83.90	83.95	83.10	83.85	2548700	81.09
16/08/2006	83.10	83.90	82.80	83.70	3869800	80.95
15/08/2006	81.25	83.45	81.20	83.25	2616500	80.51
14/08/2006	81.00	82.00	80.95	81.80	2484800	79.11
11/08/2006	80.05	81.45	79.90	80.80	3440800	78.14
10/08/2006	79.55	80.40	79.00	80.00	3434200	77.37
09/08/2006	79.55	80.70	78.55	80.35	4522000	77.71
08/08/2006	78.80	79.70	78.65	79.30	3019000	76.69
07/08/2006	79.10	79.40	78.25	78.30	2924100	75.72
04/08/2006	77.90	80.75	77.85	80.00	5276200	77.37
03/08/2006	78.30	78.70	77.55	77.65	5049500	75.10
02/08/2006	76.75	78.45	76.20	78.20	7534900	75.63
01/08/2006	76.20	76.45	74.50	75.05	3671600	72.58
31/07/2006	77.15	77.40	76.15	76.20	2979300	73.69
28/07/2006	76.10	77.40	75.90	77.40	3412500	74.85
27/07/2006	75.50	76.50	75.20	76.50	3137300	73.98
26/07/2006	74.70	75.15	74.15	74.75	2196100	72.29
25/07/2006	74.45	75.10	73.85	74.70	2840600	72.24
24/07/2006	72.70	74.75	72.65	74.40	2627500	71.95
21/07/2006	72.65	73.30	72.15	72.60	2936500	70.21
20/07/2006	73.45	74.30	72.95	73.00	3841900	70.60
19/07/2006	70.90	72.75	70.80	72.75	5420900	70.36
18/07/2006	71.10	72.25	70.20	70.80	5058200	68.47
17/07/2006	72.10	72.20	70.60	71.35	4553000	69.00
14/07/2006	73.40	73.40	72.00	72.00	4214500	69.63
13/07/2006	75.10	75.10	73.15	73.85	7786300	71.42
12/07/2006	76.00	76.50	75.20	75.65	3679000	73.16
11/07/2006	76.30	76.75	75.15	75.50	4381300	73.02
10/07/2006	76.00	77.00	75.95	76.75	2689900	74.23
07/07/2006	76.00	77.25	75.70	76.30	3362000	73.79
06/07/2006	75.45	76.50	75.20	76.20	3867000	73.69
05/07/2006	75.30	75.70	74.60	75.15	4557300	72.68
04/07/2006	75.50	75.80	75.00	75.70	1567000	73.21
03/07/2006	74.65	75.60	74.65	75.10	9727100	72.63
30/06/2006	74.90	75.60	73.95	74.85	4730300	72.39
29/06/2006	72.45	73.70	72.05	73.55	3019000	71.13
28/06/2006	71.30	72.50	70.85	71.75	2446200	69.39
27/06/2006	72.80	72.95	71.15	71.60	3233200	69.24
26/06/2006	73.00	73.30	72.60	72.65	7311400	70.26
23/06/2006	72.20	73.00	71.95	72.60	2686700	70.21
22/06/2006	72.80	73.00	72.15	72.60	3002800	70.21
21/06/2006	72.00	72.40	71.00	71.90	4225000	69.54
20/06/2006	70.65	72.00	70.50	71.90	3922700	69.54
19/06/2006	71.00	71.90	70.80	71.20	5291900	68.86
16/06/2006	71.25	71.70	69.95	70.40	8278500	68.08
15/06/2006	68.15	70.15	68.15	69.90	4848900	67.60
14/06/2006	67.75	68.10	66.80	67.70	7199300	65.47
13/06/2006	68.30	68.60	66.65	67.30	6719500	65.09
12/06/2006	70.45	71.00	69.45	69.65	3539500	67.36
09/06/2006	71.15	71.20	70.15	70.65	4436500	68.33
08/06/2006	70.00	70.85	69.15	69.70	7046200	67.41
07/06/2006	71.50	72.55	71.15	72.00	4563300	69.63
06/06/2006	71.75	72.10	71.00	71.25	4873900	68.91
05/06/2006	73.20	73.50	72.30	72.80	2037600	70.41
02/06/2006	73.60	74.30	73.05	73.30	4990000	70.89
01/06/2006	72.60	73.15	71.60	72.95	3738400	70.55
31/05/2006	71.00	73.30	70.50	72.80	6144600	70.41
30/05/2006	75.60	75.80	73.20	74.25	10080200	69.29
29/05/2006	75.65	75.80	75.20	75.40	1255000	70.37
26/05/2006	75.50	75.90	74.15	75.90	8307700	70.83
25/05/2006	73.20	75.00	72.85	75.00	3584400	69.99
24/05/2006	73.70	74.30	72.10	73.50	6489900	68.59
23/05/2006	73.30	74.80	72.20	74.35	6232200	69.39
22/05/2006	74.25	75.35	72.65	73.00	6524600	68.13
19/05/2006	73.60	75.95	73.25	74.70	9354000	69.71
18/05/2006	72.25	73.90	70.60	71.85	7569900	67.05
17/05/2006	75.90	75.90	72.05	72.05	5745700	67.24
16/05/2006	74.60	75.85	74.15	75.30	5422400	70.27
15/05/2006	75.95	75.95	74.15	74.55	5615100	69.57
12/05/2006	77.15	77.55	76.00	76.25	4054800	71.16
11/05/2006	77.50	79.25	77.50	78.00	5801800	72.79
10/05/2006	77.50	78.40	77.35	77.45	4329900	72.28
09/05/2006	77.35	77.85	76.40	77.70	3895700	72.51
08/05/2006	77.70	78.10	77.10	77.20	3038400	72.05
05/05/2006	75.75	77.00	75.60	76.95	3164100	71.81
04/05/2006	75.00	75.65	74.35	75.50	3538000	70.46
03/05/2006	76.00	76.15	74.65	74.75	3197900	69.76
02/05/2006	74.65	75.70	74.45	75.40	2998700	70.37
01/05/2006	74.90	74.90	74.90	74.90	0	69.90
28/04/2006	75.60	76.10	74.80	74.90	4017100	69.90
27/04/2006	75.95	76.15	74.60	75.75	5832700	70.69
26/04/2006	74.10	75.30	74.10	75.00	2549700	69.99
25/04/2006	74.55	74.80	74.10	74.25	3124100	69.29
24/04/2006	74.70	74.75	74.05	74.25	3247000	69.29
21/04/2006	75.40	75.55	74.95	75.35	3469500	70.32
20/04/2006	74.05	75.30	74.05	74.90	4238400	69.90
19/04/2006	74.00	74.40	73.70	74.05	5391500	69.11
18/04/2006	73.50	73.50	72.55	72.90	3621300	68.03
17/04/2006	73.50	73.50	73.50	73.50	0	68.59
14/04/2006	73.50	73.50	73.50	73.50	0	68.59
13/04/2006	73.55	74.05	72.85	73.50	2708500	68.59
12/04/2006	73.75	73.80	72.70	73.45	4152600	68.55
11/04/2006	75.45	75.45	73.00	73.65	6056900	68.73
10/04/2006	75.50	75.90	74.65	75.50	2875800	70.46
07/04/2006	77.15	77.60	75.20	75.40	3873600	70.37
06/04/2006	77.40	78.10	76.85	77.35	3707600	72.19
05/04/2006	76.85	77.55	76.10	77.30	3567800	72.14
04/04/2006	77.30	77.30	76.00	76.35	3574100	71.25
03/04/2006	77.25	77.70	76.60	77.30	3676400	72.14
31/03/2006	76.05	77.25	75.60	76.65	5607100	71.53
30/03/2006	74.70	76.15	74.70	75.95	3861200	70.88
29/03/2006	73.90	74.90	73.60	74.55	2536900	69.57
28/03/2006	75.10	75.30	73.65	74.20	3604800	69.25
27/03/2006	75.60	75.60	74.65	74.80	2753100	69.81
24/03/2006	75.85	76.20	75.05	75.55	3121700	70.51
23/03/2006	76.35	76.55	75.70	76.05	2242900	70.97
22/03/2006	76.35	76.45	75.60	76.35	4618600	71.25
21/03/2006	76.00	76.95	75.45	76.95	4447400	71.81
20/03/2006	75.55	76.80	75.20	75.75	6821200	70.69
17/03/2006	74.90	76.15	74.60	75.25	7606000	70.23
16/03/2006	75.65	76.15	74.95	75.20	5837900	70.18
15/03/2006	75.50	77.55	75.50	75.70	9162000	70.65
14/03/2006	74.95	75.55	74.60	75.10	5484900	70.09
13/03/2006	74.50	75.45	74.40	75.20	7397700	70.18
10/03/2006	72.65	73.90	72.45	73.75	8215200	68.83
09/03/2006	73.35	73.85	72.65	72.80	6948800	67.94
08/03/2006	73.35	74.00	72.90	73.15	7158200	68.27
07/03/2006	74.40	74.65	73.20	73.35	12118800	68.45
06/03/2006	76.90	77.30	74.35	74.35	10231500	69.39
03/03/2006	77.00	77.30	75.65	76.75	6164700	71.63
02/03/2006	78.70	78.80	76.85	77.40	3408900	72.23
01/03/2006	77.65	78.80	77.40	78.60	3189900	73.35
28/02/2006	79.20	79.20	77.35	77.65	4829800	72.47
27/02/2006	79.25	79.60	78.75	79.00	2802200	73.73
24/02/2006	78.45	79.45	77.95	79.20	3167200	73.91
23/02/2006	78.15	79.10	78.00	78.25	4783400	73.03
22/02/2006	77.05	78.45	77.05	78.35	4170700	73.12
21/02/2006	76.30	77.55	76.25	77.20	5000000	72.05
20/02/2006	75.75	76.25	75.05	76.00	2008100	70.93
17/02/2006	75.20	76.05	75.00	75.80	3953100	70.74
16/02/2006	74.95	75.00	73.70	74.95	4083300	69.95
15/02/2006	74.00	74.75	73.45	74.20	5792600	69.25
14/02/2006	76.15	76.65	74.90	76.10	4382700	71.02
13/02/2006	74.35	75.90	74.00	75.85	4123900	70.79
10/02/2006	74.45	75.60	74.10	74.10	3780900	69.15
09/02/2006	72.85	74.60	72.55	74.60	4391600	69.62
08/02/2006	72.80	72.80	71.75	72.00	3857000	67.19
07/02/2006	71.80	73.35	71.35	73.25	6943800	68.36
06/02/2006	72.50	72.50	71.20	71.65	9897100	66.87
03/02/2006	74.85	74.90	72.50	73.15	4513400	68.27
02/02/2006	75.30	75.70	73.85	73.95	3060200	69.01
01/02/2006	72.95	75.45	72.95	75.30	4706700	70.27
31/01/2006	72.70	73.80	72.50	73.40	3570600	68.50
30/01/2006	72.60	72.95	72.30	72.35	2503300	67.52
27/01/2006	72.05	73.20	72.05	72.90	3431600	68.03
26/01/2006	70.45	71.90	70.35	71.65	5372800	66.87
25/01/2006	69.60	70.15	69.45	70.00	3083800	65.33
24/01/2006	69.00	69.35	68.65	69.10	4652400	64.49
23/01/2006	68.40	69.00	68.10	68.70	4667600	64.11
20/01/2006	70.80	70.95	69.10	69.10	3709100	64.49
19/01/2006	70.15	70.50	69.85	70.10	3428300	65.42
18/01/2006	70.05	70.15	69.40	69.70	4830800	65.05
17/01/2006	71.00	71.25	70.35	71.15	3370700	66.40
16/01/2006	71.85	72.00	71.30	71.50	2341200	66.73
13/01/2006	72.85	72.85	71.70	71.85	3309000	67.05
12/01/2006	71.90	73.10	71.80	73.05	4332400	68.17
11/01/2006	71.45	71.90	71.05	71.90	3608100	67.10
10/01/2006	71.10	71.40	70.60	70.95	3258100	66.21
09/01/2006	70.90	71.75	70.80	71.10	4233900	66.35
06/01/2006	70.50	70.70	70.25	70.55	3148500	65.84
05/01/2006	70.40	70.75	70.10	70.40	2622200	65.70
04/01/2006	69.55	70.60	69.50	70.60	4479000	65.89
03/01/2006	68.60	69.30	68.50	68.95	2631100	64.35
02/01/2006	68.45	68.80	68.20	68.60	913000	64.02
30/12/2005	69.10	69.25	67.95	68.35	1889000	63.79
29/12/2005	68.70	69.20	68.70	69.15	1451200	64.53
28/12/2005	68.80	69.25	68.50	68.70	1479100	64.11
27/12/2005	68.60	69.15	68.60	68.80	1195900	64.21
26/12/2005	68.75	68.75	68.75	68.75	0	64.16
23/12/2005	68.40	69.05	68.40	68.75	1546400	64.16
22/12/2005	68.20	68.90	67.85	68.35	2636400	63.79
21/12/2005	67.20	68.45	67.15	68.25	3829400	63.69
20/12/2005	67.00	67.35	66.60	67.00	3654300	62.53
19/12/2005	67.25	67.65	67.05	67.35	3138300	62.85
16/12/2005	67.40	68.50	67.40	67.45	8935100	62.95
15/12/2005	67.95	67.95	67.20	67.65	3183200	63.13
14/12/2005	67.95	68.25	67.30	67.55	2540300	63.04
13/12/2005	67.55	68.15	67.25	67.60	3251400	63.09
12/12/2005	67.15	68.10	67.15	67.40	3593100	62.90
09/12/2005	67.70	67.70	66.60	67.05	2819600	62.57
08/12/2005	67.75	67.75	67.00	67.65	3364200	63.13
07/12/2005	68.00	68.50	67.65	68.05	2213600	63.51
06/12/2005	67.55	68.35	67.55	68.20	3044800	63.65
05/12/2005	67.90	68.25	67.05	67.35	2657800	62.85
02/12/2005	68.40	68.50	67.50	68.10	2148800	63.55
01/12/2005	67.60	68.40	67.35	68.40	3292500	63.83
30/11/2005	68.15	68.15	66.90	67.20	5395300	62.71
29/11/2005	67.55	68.40	67.20	68.20	2591900	63.65
28/11/2005	68.30	68.85	67.70	67.70	4321100	63.18
25/11/2005	67.75	68.25	67.50	68.00	1617500	63.46
24/11/2005	67.50	67.80	67.15	67.55	2700200	63.04
23/11/2005	68.15	68.65	68.00	68.50	3308000	63.93
22/11/2005	68.05	68.05	67.30	67.40	3322000	62.90
21/11/2005	67.25	68.00	67.20	68.00	2357400	63.46
18/11/2005	67.25	67.90	66.95	67.35	3568200	62.85
17/11/2005	67.40	67.70	66.25	66.60	3056500	62.15
16/11/2005	67.30	67.30	66.60	66.85	3233900	62.39
15/11/2005	67.95	67.95	66.90	67.35	3617400	62.85
14/11/2005	67.75	68.65	67.65	67.80	4481100	63.27
11/11/2005	67.25	68.40	67.25	68.00	3700800	63.46
10/11/2005	65.55	66.90	65.55	66.60	4024100	62.15
09/11/2005	65.30	65.75	64.95	65.20	2175600	60.85
08/11/2005	65.70	66.00	64.85	65.30	3947000	60.94
07/11/2005	65.25	65.75	64.85	65.40	2286300	61.03
04/11/2005	65.25	65.30	64.80	65.20	3524900	60.85
03/11/2005	64.30	65.45	63.95	65.40	5282900	61.03
02/11/2005	63.25	63.90	62.95	63.65	3430700	59.40
01/11/2005	63.25	63.90	63.05	63.45	2705600	59.21
31/10/2005	62.70	63.30	62.60	63.25	3563800	59.03
28/10/2005	61.80	62.15	61.05	61.90	3176500	57.77
27/10/2005	62.00	62.30	61.65	61.90	3258100	57.77
26/10/2005	62.10	62.65	61.85	62.35	2639300	58.19
25/10/2005	62.75	62.80	62.10	62.10	3435700	57.95
24/10/2005	62.35	62.60	62.10	62.40	2656600	58.23
21/10/2005	61.90	62.70	61.90	62.20	3427000	58.05
20/10/2005	62.70	63.00	62.10	62.50	3569000	58.33
19/10/2005	62.85	63.10	61.75	61.75	4510900	57.63
18/10/2005	63.75	63.85	62.95	63.40	3751900	59.17
17/10/2005	64.10	64.45	63.75	63.90	3373700	59.63
14/10/2005	62.50	64.30	62.30	64.10	4663500	59.82
13/10/2005	63.25	63.30	62.35	62.80	3195800	58.61
12/10/2005	63.40	63.85	62.85	63.35	3537700	59.12
11/10/2005	63.40	64.15	63.35	63.65	3070700	59.40
10/10/2005	63.50	63.70	62.75	63.25	3770400	59.03
07/10/2005	63.15	63.75	62.60	63.10	3558600	58.89
06/10/2005	63.30	63.65	62.85	63.15	5418700	58.93
05/10/2005	64.25	65.05	64.00	64.00	4496200	59.73
04/10/2005	64.30	65.00	64.00	64.65	3272300	60.33
03/10/2005	63.45	64.55	63.25	64.30	4211900	60.01
30/09/2005	63.05	63.65	62.95	63.25	4006000	59.03
29/09/2005	62.50	62.95	62.20	62.60	2736100	58.42
28/09/2005	61.90	62.90	61.90	62.60	4410000	58.42
27/09/2005	61.15	61.45	60.85	61.10	2582600	57.02
26/09/2005	60.75	61.60	60.65	61.45	4416100	57.35
23/09/2005	59.90	59.95	59.45	59.90	2345400	55.90
22/09/2005	59.10	59.75	58.80	59.40	3115700	55.43
21/09/2005	59.90	60.15	59.15	59.50	4035600	55.53
20/09/2005	60.20	60.60	60.00	60.50	2596900	56.46
19/09/2005	59.65	60.40	59.25	59.90	2357300	55.90
16/09/2005	59.75	60.55	59.75	60.30	3772700	56.27
15/09/2005	59.90	60.40	59.50	59.85	3844000	55.85
14/09/2005	60.50	60.90	59.90	60.15	3166400	56.13
13/09/2005	61.15	61.30	60.10	60.20	3596300	56.18
12/09/2005	61.45	61.90	61.00	61.05	3009500	56.97
09/09/2005	60.95	61.40	60.80	61.35	2726200	57.25
08/09/2005	60.55	61.05	60.30	60.85	2384900	56.79
07/09/2005	60.45	60.85	60.30	60.65	3950000	56.60
06/09/2005	59.15	60.45	59.15	60.25	3359900	56.23
05/09/2005	58.75	59.30	58.70	59.15	1561500	55.20
02/09/2005	58.60	59.15	58.15	58.70	2659400	54.78
01/09/2005	59.05	59.45	58.55	58.80	3313000	54.87
31/08/2005	58.05	58.95	58.05	58.95	2631900	55.01
30/08/2005	58.40	59.10	57.95	58.05	2688300	54.17
29/08/2005	57.70	58.45	57.50	58.25	2052000	54.36
26/08/2005	58.70	59.00	58.25	58.25	3199500	54.36
25/08/2005	59.30	59.30	58.35	58.60	4255000	54.69
24/08/2005	59.75	59.95	59.10	59.85	2445800	55.85
23/08/2005	60.40	60.50	59.75	59.95	2511600	55.95
22/08/2005	60.40	60.80	60.40	60.50	1363400	56.46
19/08/2005	59.80	60.50	59.40	60.45	2936200	56.41
18/08/2005	59.85	60.20	59.30	59.75	1709100	55.76
17/08/2005	59.75	60.05	59.20	59.95	2507600	55.95
16/08/2005	61.15	61.30	60.00	60.00	2209900	55.99
15/08/2005	60.50	61.10	60.45	60.80	1462100	56.74
12/08/2005	60.95	61.20	60.20	60.60	1862000	56.55
11/08/2005	60.65	61.10	60.25	61.10	3132100	57.02
10/08/2005	60.35	61.25	60.00	61.05	2888500	56.97
09/08/2005	59.80	60.40	59.50	60.30	2263400	56.27
08/08/2005	60.75	60.75	59.85	59.90	2092400	55.90
05/08/2005	59.50	61.20	59.45	60.30	6070000	56.27
04/08/2005	60.05	60.40	59.60	60.00	3608300	55.99
03/08/2005	60.35	61.15	59.60	60.00	5377300	55.99
02/08/2005	59.40	60.40	59.20	60.40	2584500	56.37
01/08/2005	59.75	60.10	59.25	59.40	2888900	55.43
29/07/2005	60.55	60.70	59.20	59.65	4748300	55.67
28/07/2005	60.65	60.95	60.20	60.50	2864900	56.46
27/07/2005	60.55	60.85	60.20	60.35	2060500	56.32
26/07/2005	60.30	60.80	60.05	60.50	2329800	56.46
25/07/2005	60.75	60.90	60.20	60.20	2772700	56.18
22/07/2005	61.20	61.50	60.35	60.70	2539800	56.65
21/07/2005	60.50	61.40	60.05	61.10	5668300	57.02
20/07/2005	60.10	60.50	59.80	60.15	3638000	56.13
19/07/2005	59.80	60.35	59.70	60.35	4871400	56.32
18/07/2005	59.65	60.35	59.65	59.80	3514400	55.81
15/07/2005	59.55	59.95	59.35	59.70	3492900	55.71
14/07/2005	58.50	59.75	58.30	59.35	4109400	55.39
13/07/2005	57.90	58.45	57.75	58.40	3205000	54.50
12/07/2005	57.65	57.95	57.25	57.80	2677500	53.94
11/07/2005	57.30	58.05	57.30	57.85	3886800	53.99
08/07/2005	56.85	57.05	56.30	57.05	3189000	53.24
07/07/2005	56.80	56.90	53.55	56.10	14791800	52.35
06/07/2005	57.10	57.35	56.75	56.95	2734900	53.15
05/07/2005	56.85	56.90	56.30	56.80	2402600	53.01
04/07/2005	57.15	57.25	56.70	56.85	1434900	53.05
01/07/2005	56.95	57.30	56.40	57.10	2359700	53.29
30/06/2005	56.50	57.05	56.20	56.70	3103700	52.91
29/06/2005	56.00	56.85	56.00	56.50	2800400	52.73
28/06/2005	55.90	56.20	55.60	56.00	1958400	52.26
27/06/2005	56.20	56.30	55.50	55.60	3886500	51.89
24/06/2005	56.70	56.70	56.10	56.45	2541400	52.68
23/06/2005	57.00	57.15	56.60	56.95	2050000	53.15
22/06/2005	56.80	57.30	56.60	56.75	2591500	52.96
21/06/2005	56.45	56.75	56.40	56.50	1965300	52.73
20/06/2005	56.90	56.90	55.85	56.05	3757400	52.31
17/06/2005	56.45	57.45	56.40	56.85	4183100	53.05
16/06/2005	56.70	56.85	56.10	56.60	4129400	52.82
15/06/2005	56.10	56.70	56.10	56.40	3350000	52.63
14/06/2005	56.00	56.25	55.70	55.70	2980300	51.98
13/06/2005	56.70	56.75	55.85	56.25	2391700	52.49
10/06/2005	56.00	56.80	56.00	56.45	3845000	52.68
09/06/2005	55.70	55.95	55.55	55.75	2402100	52.03
08/06/2005	55.70	56.10	55.45	55.65	2888400	51.94
07/06/2005	55.55	55.95	55.50	55.85	2859700	52.12
06/06/2005	55.95	56.05	55.30	55.35	3337300	51.66
03/06/2005	56.30	56.30	56.30	56.30	0	52.54
02/06/2005	55.90	56.45	55.65	56.30	4345600	52.54
01/06/2005	54.85	55.75	54.80	55.75	3122100	52.03
31/05/2005	54.45	54.90	54.45	54.65	4465900	51.00
30/05/2005	54.60	54.80	54.10	54.55	2924700	50.91
27/05/2005	55.90	56.90	55.55	56.90	4416300	51.24
26/05/2005	55.40	55.90	55.25	55.85	18940800	50.29
25/05/2005	55.60	55.90	55.15	55.35	3055400	49.84
24/05/2005	55.20	55.50	55.05	55.50	2728000	49.97
23/05/2005	55.15	55.45	54.80	55.15	2936200	49.66
20/05/2005	55.25	55.30	54.60	54.80	4440700	49.34
19/05/2005	55.45	55.65	54.80	55.10	5143300	49.61
18/05/2005	54.15	55.55	54.05	55.50	7703400	49.97
17/05/2005	54.10	54.10	53.65	53.90	2782500	48.53
16/05/2005	53.60	54.15	53.60	53.85	2225500	48.49
13/05/2005	53.55	54.30	53.55	53.85	4224100	48.49
12/05/2005	53.75	54.85	53.50	53.95	12803900	48.58
11/05/2005	52.00	52.60	51.80	52.00	3044600	46.82
10/05/2005	52.80	53.05	51.90	52.20	3116000	47.00
09/05/2005	52.85	53.05	52.40	52.75	2945700	47.50
06/05/2005	53.05	53.45	52.70	53.10	2474200	47.81
05/05/2005	52.50	53.15	52.45	52.95	2132600	47.68
04/05/2005	52.30	52.50	51.65	52.40	3392200	47.18
03/05/2005	51.75	52.20	51.35	52.15	3072200	46.96
02/05/2005	51.20	51.85	51.05	51.65	1983800	46.51
29/04/2005	50.80	51.40	50.70	50.90	5219300	45.83
28/04/2005	52.00	52.30	50.85	51.45	4911600	46.33
27/04/2005	52.60	52.85	51.40	51.90	3702800	46.73
26/04/2005	52.65	52.80	52.30	52.75	2471800	47.50
25/04/2005	52.70	52.95	52.45	52.65	2781600	47.41
22/04/2005	52.25	52.80	52.10	52.70	3350100	47.45
21/04/2005	52.05	52.45	51.80	51.80	4002700	46.64
20/04/2005	53.05	53.30	52.05	52.20	4966000	47.00
19/04/2005	52.85	53.05	52.55	52.85	4027800	47.59
18/04/2005	53.20	53.20	52.25	52.45	5785600	47.23
15/04/2005	54.60	54.60	53.75	53.80	4703900	48.44
14/04/2005	54.90	55.10	54.65	55.00	3196100	49.52
13/04/2005	55.40	55.70	55.30	55.30	3697600	49.79
12/04/2005	55.40	55.60	54.85	54.95	2562600	49.48
11/04/2005	54.95	55.70	54.80	55.35	2461700	49.84
08/04/2005	55.05	55.45	54.95	55.10	1989400	49.61
07/04/2005	54.90	55.30	54.75	55.00	2474900	49.52
06/04/2005	55.00	55.25	54.80	54.80	2303600	49.34
05/04/2005	54.75	55.00	54.65	54.85	2511200	49.39
04/04/2005	54.65	54.65	53.85	54.25	3872200	48.85
01/04/2005	54.75	55.15	54.40	54.80	2869500	49.34
31/03/2005	55.30	55.50	54.65	54.65	3418500	49.21
30/03/2005	55.25	55.30	54.80	55.00	2648900	49.52
29/03/2005	55.60	55.65	54.70	55.40	3777600	49.88
28/03/2005	55.55	55.55	55.55	55.55	0	50.02
25/03/2005	55.55	55.55	55.55	55.55	0	50.02
24/03/2005	54.60	55.80	54.60	55.55	3919100	50.02
23/03/2005	54.40	54.65	54.20	54.45	4059000	49.03
22/03/2005	54.90	55.10	54.10	54.95	3547300	49.48
21/03/2005	55.00	55.40	54.65	54.85	3420700	49.39
18/03/2005	54.85	55.25	54.80	55.10	4338500	49.61
17/03/2005	54.50	55.05	53.80	54.75	4706700	49.30
16/03/2005	55.50	55.55	54.35	54.45	4015500	49.03
15/03/2005	55.60	55.90	55.45	55.70	2781200	50.15
14/03/2005	55.30	55.60	55.15	55.40	1821800	49.88
11/03/2005	55.45	55.65	55.20	55.30	1990800	49.79
10/03/2005	55.00	55.45	54.90	55.10	2768900	49.61
09/03/2005	55.85	55.95	54.90	55.25	3346600	49.75
08/03/2005	55.15	55.85	55.15	55.70	3407100	50.15
07/03/2005	55.50	55.60	55.20	55.40	2138900	49.88
04/03/2005	55.30	55.50	54.90	55.45	3017600	49.93
03/03/2005	55.15	55.40	54.70	55.15	2403500	49.66
02/03/2005	55.00	55.25	54.70	55.25	2711700	49.75
01/03/2005	54.65	55.45	54.55	55.05	2962400	49.57
28/02/2005	55.15	55.35	54.75	54.80	3011800	49.34
25/02/2005	54.90	55.20	54.70	55.05	2586000	49.57
24/02/2005	54.55	54.80	54.35	54.60	2614600	49.16
23/02/2005	54.50	54.60	54.10	54.55	4411400	49.12
22/02/2005	54.35	54.85	54.20	54.80	3085100	49.34
21/02/2005	55.35	55.45	54.35	54.55	3471000	49.12
18/02/2005	55.35	55.50	55.05	55.40	3713700	49.88
17/02/2005	55.70	55.85	55.25	55.35	2466600	49.84
16/02/2005	56.40	56.40	55.55	55.70	3189700	50.15
15/02/2005	56.10	56.45	55.75	56.30	3181400	50.69
14/02/2005	55.95	56.25	55.60	56.10	3425900	50.51
11/02/2005	55.15	56.05	55.00	56.05	4589500	50.47
10/02/2005	54.95	55.50	54.65	55.00	4790000	49.52
09/02/2005	54.80	55.05	54.10	54.70	3692700	49.25
08/02/2005	54.90	55.35	54.55	54.65	4484100	49.21
07/02/2005	55.00	55.15	54.45	54.90	4185700	49.43
04/02/2005	54.80	55.25	54.30	54.80	6231800	49.34
03/02/2005	56.00	56.30	54.60	55.25	5769100	49.75
02/02/2005	55.80	55.95	55.55	55.95	2801000	50.38
01/02/2005	55.40	55.65	55.05	55.65	2793100	50.11
31/01/2005	54.85	55.35	54.80	55.35	2785400	49.84
28/01/2005	55.15	55.20	54.45	54.50	2109200	49.07
27/01/2005	55.20	55.35	54.60	55.10	2669900	49.61
26/01/2005	55.65	55.65	55.00	55.00	2751200	49.52
25/01/2005	55.25	55.75	55.15	55.60	2891400	50.06
24/01/2005	55.10	55.30	54.75	55.15	2678300	49.66
21/01/2005	54.90	55.50	54.90	55.50	2041100	49.97
20/01/2005	55.20	55.45	54.95	55.20	2801800	49.70
19/01/2005	55.95	56.25	55.55	55.75	3615300	50.20
18/01/2005	55.55	55.75	55.15	55.75	2961000	50.20
17/01/2005	55.10	55.80	55.05	55.65	2220800	50.11
14/01/2005	54.55	55.35	54.35	55.00	2983800	49.52
13/01/2005	54.45	54.65	53.85	54.50	3093800	49.07
12/01/2005	55.00	55.10	54.10	54.30	3104000	48.89
11/01/2005	55.40	55.55	54.75	55.10	4663700	49.61
10/01/2005	55.25	55.40	54.95	55.30	2810900	49.79
07/01/2005	54.35	55.35	54.10	55.20	5545700	49.70
06/01/2005	53.75	54.70	53.70	54.55	3689700	49.12
05/01/2005	53.55	54.30	53.50	53.75	2965200	48.40
04/01/2005	53.55	54.35	53.30	54.05	2807300	48.67
03/01/2005	53.40	54.30	53.20	53.70	1770300	48.35
31/12/2004	53.40	53.45	53.00	53.30	926800	47.99
30/12/2004	53.75	53.75	53.35	53.40	938200	48.08
29/12/2004	53.75	53.85	53.40	53.65	902200	48.31
28/12/2004	53.55	53.75	53.25	53.60	849000	48.26
27/12/2004	53.20	53.80	53.20	53.45	1524200	48.13
24/12/2004	53.45	53.55	53.30	53.40	253500	48.08
23/12/2004	53.15	53.70	53.15	53.50	1638500	48.17
22/12/2004	53.15	53.50	53.00	53.20	2565000	47.90
21/12/2004	52.85	53.00	52.55	52.75	1695100	47.50
20/12/2004	52.55	53.10	52.55	53.00	2640300	47.72
17/12/2004	53.65	53.80	52.50	52.60	4450100	47.36
16/12/2004	53.40	53.90	53.20	53.60	2938100	48.26
15/12/2004	54.00	54.00	53.40	53.40	3490500	48.08
14/12/2004	54.20	54.20	53.65	54.00	4574200	48.62
13/12/2004	53.30	54.20	53.25	53.75	4793200	48.40
10/12/2004	52.65	53.15	52.55	53.15	4024200	47.86
09/12/2004	52.40	52.75	52.00	52.45	4098600	47.23
08/12/2004	52.45	52.95	52.30	52.65	3018900	47.41
07/12/2004	52.65	53.15	52.30	52.90	2743000	47.63
06/12/2004	52.85	53.05	52.55	52.75	1623100	47.50
03/12/2004	53.70	54.05	52.75	53.10	3820500	47.81
02/12/2004	53.50	53.75	53.20	53.60	3642000	48.26
01/12/2004	52.30	53.55	52.00	53.15	3742200	47.86
30/11/2004	52.60	52.65	52.00	52.30	2893200	47.09
29/11/2004	52.85	53.35	52.45	52.45	2265800	47.23
26/11/2004	52.60	52.95	52.45	52.75	1382200	47.50
25/11/2004	52.50	53.00	52.35	52.95	2225600	47.68
24/11/2004	53.20	53.20	52.10	52.30	2779900	47.09
23/11/2004	53.00	53.25	52.45	52.60	2728700	47.36
22/11/2004	52.75	53.05	52.25	52.65	3089800	47.41
19/11/2004	54.05	54.15	52.85	53.10	4995600	47.81
18/11/2004	53.95	54.25	53.55	54.00	2836300	48.62
17/11/2004	53.45	54.25	53.05	54.15	4243000	48.76
16/11/2004	54.00	54.25	53.00	53.40	4081600	48.08
15/11/2004	54.45	54.60	53.85	54.00	2568900	48.62
12/11/2004	54.70	54.80	53.85	54.00	3031900	48.62
11/11/2004	53.85	54.75	53.60	54.45	2221800	49.03
10/11/2004	53.80	54.25	53.45	53.90	3214700	48.53
09/11/2004	54.20	54.25	53.40	53.60	3382300	48.26
08/11/2004	54.10	54.30	53.65	54.05	1961700	48.67
05/11/2004	54.60	54.85	54.05	54.15	3525300	48.76
04/11/2004	54.15	54.30	53.35	54.15	3851800	48.76
03/11/2004	54.55	54.95	54.50	54.55	3686700	49.12
02/11/2004	54.00	54.35	53.60	54.15	2340300	48.76
01/11/2004	53.25	54.05	53.05	53.85	1579200	48.49
29/10/2004	53.50	53.95	53.35	53.35	2781300	48.04
28/10/2004	53.10	53.90	53.10	53.75	3445700	48.40
27/10/2004	52.15	52.90	51.65	52.85	3881600	47.59
26/10/2004	52.05	52.35	51.75	51.95	1746500	46.78
25/10/2004	52.05	52.20	51.50	51.95	3421600	46.78
22/10/2004	52.70	53.40	52.55	53.00	2855000	47.72
21/10/2004	52.85	52.90	51.80	52.55	2708200	47.32
20/10/2004	52.50	52.65	51.90	52.35	3643300	47.14
19/10/2004	52.90	53.75	52.90	53.10	4689500	47.81
18/10/2004	52.70	52.70	52.25	52.50	2553700	47.27
15/10/2004	52.50	52.75	52.00	52.60	5152000	47.36
14/10/2004	53.20	53.35	52.85	52.90	2853500	47.63
13/10/2004	53.50	54.25	53.45	53.75	3918900	48.40
12/10/2004	53.35	53.70	52.90	53.35	2225900	48.04
11/10/2004	53.50	53.90	53.35	53.90	1451000	48.53
08/10/2004	54.00	54.30	53.20	53.75	4261900	48.40
07/10/2004	54.40	54.80	53.85	54.20	2789000	48.80
06/10/2004	54.60	54.80	54.05	54.50	3113500	49.07
05/10/2004	54.50	55.00	54.40	54.55	3140900	49.12
04/10/2004	54.10	54.85	54.10	54.40	4268800	48.98
01/10/2004	52.25	53.95	52.20	53.65	4298200	48.31
30/09/2004	52.90	53.30	51.75	52.00	6581400	46.82
29/09/2004	52.05	52.90	52.05	52.45	4000000	47.23
28/09/2004	51.95	52.35	51.70	52.05	2057700	46.87
27/09/2004	52.35	52.35	51.75	51.95	1530000	46.78
24/09/2004	52.00	52.25	51.75	52.20	2044200	47.00
23/09/2004	52.45	52.70	51.75	52.10	5301300	46.91
22/09/2004	53.10	53.55	52.45	52.70	3170200	47.45
21/09/2004	52.60	53.45	52.60	53.30	2925700	47.99
20/09/2004	52.70	52.90	52.35	52.75	1975200	47.50
17/09/2004	52.10	53.25	51.95	53.00	4973500	47.72
16/09/2004	51.90	52.20	51.60	52.00	1947800	46.82
15/09/2004	52.00	52.20	51.60	51.85	2337900	46.69
14/09/2004	52.15	52.15	51.60	51.75	2471700	46.60
13/09/2004	51.50	52.15	51.50	52.15	2303300	46.96
10/09/2004	51.00	51.60	50.85	51.40	1974100	46.28
09/09/2004	51.25	51.25	50.80	51.00	2439000	45.92
08/09/2004	51.35	51.65	51.15	51.55	2420700	46.42
07/09/2004	51.55	51.70	51.15	51.55	2267500	46.42
06/09/2004	51.35	51.75	51.20	51.35	1435200	46.24
03/09/2004	50.50	51.35	50.10	51.25	2444100	46.15
02/09/2004	50.05	50.65	49.84	50.50	2113900	45.47
01/09/2004	50.00	50.40	49.95	50.20	2990300	45.20
31/08/2004	50.45	50.80	49.77	49.77	5875400	44.81
30/08/2004	51.15	51.30	50.50	50.70	1761200	45.65
27/08/2004	51.00	51.25	50.65	51.15	2314600	46.06
26/08/2004	50.90	51.00	50.60	50.90	2043300	45.83
25/08/2004	50.60	50.85	50.05	50.40	2402400	45.38
24/08/2004	50.65	50.95	50.35	50.55	2119100	45.52
23/08/2004	50.00	50.55	49.86	50.55	2189600	45.52
20/08/2004	49.76	49.82	49.06	49.60	1838000	44.66
19/08/2004	49.80	50.15	49.58	49.85	2347700	44.89
18/08/2004	49.21	49.78	48.86	49.67	2014300	44.72
17/08/2004	49.14	49.62	48.72	49.36	2474300	44.45
16/08/2004	48.50	49.18	48.17	49.07	2260900	44.18
13/08/2004	48.45	49.20	48.25	48.66	2744400	43.82
12/08/2004	48.37	49.35	48.37	48.99	4362700	44.11
11/08/2004	48.90	48.90	47.72	48.36	2874500	43.55
10/08/2004	48.00	48.81	47.95	48.80	2677900	43.94
09/08/2004	48.46	48.51	47.57	48.01	2711800	43.23
06/08/2004	49.25	49.93	48.43	48.43	4125700	43.61
05/08/2004	49.58	50.60	49.52	49.90	3335200	44.93
04/08/2004	49.20	49.44	48.80	49.37	3543400	44.45
03/08/2004	48.87	49.58	48.87	49.52	5744100	44.59
02/08/2004	48.72	48.77	48.04	48.56	3907600	43.73
30/07/2004	48.11	48.68	47.64	48.38	3389900	43.56
29/07/2004	47.39	48.33	47.37	48.33	3547700	43.52
28/07/2004	47.46	47.70	47.03	47.17	3728200	42.47
27/07/2004	46.25	47.01	46.16	47.01	2763100	42.33
26/07/2004	46.47	46.83	46.07	46.18	2922500	41.58
23/07/2004	47.07	47.20	46.36	46.38	3187500	41.76
22/07/2004	47.23	47.30	46.72	46.93	3529300	42.26
21/07/2004	48.06	48.24	47.65	47.89	2846500	43.12
20/07/2004	47.04	47.49	46.21	47.44	3264100	42.72
19/07/2004	47.21	47.41	46.75	47.14	2649200	42.45
16/07/2004	47.63	47.71	47.07	47.21	3726000	42.51
15/07/2004	48.28	48.30	47.37	47.50	4028200	42.77
14/07/2004	48.94	48.97	48.23	48.50	3486400	43.67
13/07/2004	49.20	49.62	48.49	49.14	3121900	44.25
12/07/2004	48.82	49.56	48.76	48.96	1729800	44.09
09/07/2004	49.00	49.35	48.53	49.17	2794200	44.27
08/07/2004	48.99	49.31	48.51	49.24	2799800	44.34
07/07/2004	49.34	49.88	49.02	49.02	3345500	44.14
06/07/2004	49.34	49.60	48.84	49.24	2950800	44.34
05/07/2004	49.36	49.66	49.25	49.41	1559700	44.49
02/07/2004	49.85	50.00	48.89	49.38	5533100	44.46
01/07/2004	50.80	51.05	49.85	50.00	4355300	45.02
30/06/2004	51.40	51.55	50.50	50.55	4182700	45.52
29/06/2004	51.25	51.45	50.80	51.30	4355200	46.19
28/06/2004	51.40	51.90	51.20	51.60	2501400	46.46
25/06/2004	51.25	51.70	51.15	51.30	2169100	46.19
24/06/2004	52.05	52.35	51.15	51.50	4274400	46.37
23/06/2004	51.90	52.10	51.60	51.80	20406000	46.64
22/06/2004	51.70	51.75	51.00	51.30	3005200	46.19
21/06/2004	52.25	52.30	51.45	51.85	2744300	46.69
18/06/2004	51.75	52.25	51.20	52.00	5951000	46.82
17/06/2004	51.05	51.85	51.05	51.60	2881400	46.46
16/06/2004	50.90	51.75	50.90	51.35	2128600	46.24
15/06/2004	50.40	51.00	50.15	50.90	2779700	45.83
14/06/2004	50.50	50.70	49.64	50.15	4947600	45.16
11/06/2004	50.90	50.90	50.25	50.65	2120900	45.61
10/06/2004	51.50	52.00	51.30	51.95	5127800	46.78
09/06/2004	51.95	52.30	51.15	51.30	3828600	46.19
08/06/2004	51.55	51.95	51.35	51.55	2243200	46.42
07/06/2004	51.50	52.10	51.10	51.55	3752600	46.42
04/06/2004	50.85	51.75	50.75	51.50	5025400	46.37
03/06/2004	50.15	50.90	49.85	50.85	2808400	45.79
02/06/2004	50.30	50.85	49.90	50.15	4376600	45.16
01/06/2004	50.55	50.55	49.60	49.97	2304400	45.00
31/05/2004	50.00	50.60	49.92	50.50	795600	45.47
28/05/2004	51.25	51.35	49.84	50.00	3672300	45.02
27/05/2004	50.95	51.35	50.75	50.90	5437300	45.83
26/05/2004	50.90	51.00	50.30	50.75	2384900	45.70
25/05/2004	49.95	50.30	49.55	50.10	3476800	45.11
24/05/2004	50.20	50.85	49.90	50.35	2300200	45.34
21/05/2004	50.10	50.20	49.30	49.73	1786800	44.78
20/05/2004	49.90	49.92	49.40	49.67	1893200	44.72
19/05/2004	49.51	50.75	49.48	50.35	3661900	45.34
18/05/2004	48.48	49.35	48.20	48.90	5681600	44.03
17/05/2004	48.27	48.30	47.03	48.12	4638600	43.33
14/05/2004	48.85	49.30	48.51	48.86	3856400	44.00
13/05/2004	48.60	48.95	48.14	48.95	3636500	44.08
12/05/2004	49.15	49.15	48.12	48.14	2815000	43.35
11/05/2004	48.51	49.25	48.51	48.95	3080300	44.08
10/05/2004	48.50	48.82	47.62	48.30	4998000	43.49
07/05/2004	49.44	49.84	48.81	49.19	4796600	44.29
06/05/2004	51.10	51.10	49.45	49.45	4998600	44.53
05/05/2004	50.50	51.30	50.25	51.15	2347000	46.06
04/05/2004	50.85	51.15	49.90	50.90	3082500	45.83
03/05/2004	49.85	50.80	49.85	50.65	1282000	45.61
30/04/2004	50.00	50.45	49.69	50.10	4095300	45.11
29/04/2004	51.00	51.15	50.05	50.40	3873900	45.38
28/04/2004	51.85	52.15	50.85	51.10	3423100	46.01
27/04/2004	51.65	52.15	51.45	51.70	3602200	46.55
26/04/2004	52.15	52.65	51.60	51.65	2835300	46.51
23/04/2004	52.10	52.70	52.05	52.15	2585400	46.96
22/04/2004	51.50	51.80	50.75	51.70	3554000	46.55
21/04/2004	51.75	52.20	51.40	51.55	18435400	46.42
20/04/2004	51.85	52.85	51.75	52.40	2803600	47.18
19/04/2004	51.60	51.75	51.10	51.40	2478600	46.28
16/04/2004	50.85	51.75	50.75	51.50	5370100	46.37
15/04/2004	51.75	52.05	50.85	51.10	3738600	46.01
14/04/2004	52.40	53.15	51.35	52.10	4427800	46.91
13/04/2004	52.90	53.35	52.65	53.00	2132400	47.72
12/04/2004	52.45	52.45	52.45	52.45	0	47.23
09/04/2004	52.45	52.45	52.45	52.45	0	47.23
08/04/2004	53.00	53.35	52.25	52.45	2484200	47.23
07/04/2004	52.25	52.85	52.00	52.65	3102500	47.41
06/04/2004	52.00	52.80	51.60	52.25	4623100	47.05
05/04/2004	52.05	53.25	51.80	52.65	4386400	47.41
02/04/2004	50.80	52.25	50.70	52.00	4353200	46.82
01/04/2004	50.00	51.00	49.75	50.80	3182000	45.74
31/03/2004	49.99	50.55	49.60	49.73	4558300	44.78
30/03/2004	49.90	50.00	49.47	49.99	3266700	45.01
29/03/2004	49.26	50.05	49.16	49.97	2858000	45.00
26/03/2004	49.04	49.48	48.55	49.23	3765400	44.33
25/03/2004	48.17	49.18	48.17	48.52	3893300	43.69
24/03/2004	48.23	49.04	47.25	47.97	5263900	43.19
23/03/2004	48.05	48.93	48.00	48.39	3986500	43.57
22/03/2004	48.52	48.83	47.85	48.36	3946100	43.55
19/03/2004	49.06	49.45	48.65	49.08	3573100	44.19
18/03/2004	49.30	49.64	48.30	48.55	3715100	43.72
17/03/2004	48.90	49.68	48.56	49.40	5799400	44.48
16/03/2004	48.09	49.88	47.76	48.85	7239700	43.99
15/03/2004	48.80	49.24	47.41	47.55	6003900	42.82
12/03/2004	48.10	49.44	47.16	49.04	6098800	44.16
11/03/2004	49.51	49.64	48.07	48.80	6359400	43.94
10/03/2004	49.50	50.50	49.30	50.20	3819300	45.20
09/03/2004	50.25	50.45	49.55	49.78	3568900	44.82
08/03/2004	50.70	50.95	50.30	50.55	2457500	45.52
05/03/2004	51.05	51.60	50.10	50.70	3690700	45.65
04/03/2004	50.35	51.15	50.20	50.70	3341300	45.65
03/03/2004	50.70	50.75	49.82	50.40	3741500	45.38
02/03/2004	50.95	51.30	50.35	50.85	2849000	45.79
01/03/2004	51.00	51.40	50.30	50.65	2577500	45.61
27/02/2004	50.65	51.15	50.55	50.85	2859800	45.79
26/02/2004	51.20	51.20	49.95	50.40	4997000	45.38
25/02/2004	51.30	51.40	50.45	50.85	3572000	45.79
24/02/2004	51.75	51.80	50.65	51.30	4136100	46.19
23/02/2004	51.90	52.20	51.75	51.90	1869800	46.73
20/02/2004	51.55	51.85	51.40	51.70	2930400	46.55
19/02/2004	50.90	52.15	50.85	51.85	3240700	46.69
18/02/2004	51.90	51.90	50.85	51.05	3151100	45.97
17/02/2004	51.70	51.95	51.45	51.65	2965100	46.51
16/02/2004	51.10	51.75	51.00	51.75	1675000	46.60
13/02/2004	51.30	51.95	50.85	51.30	3088600	46.19
12/02/2004	51.20	52.00	51.10	51.40	4526500	46.28
11/02/2004	50.40	50.95	50.20	50.80	3391000	45.74
10/02/2004	50.00	50.60	49.99	50.40	2352500	45.38
09/02/2004	49.85	50.75	49.85	50.15	3845000	45.16
06/02/2004	49.60	50.05	49.25	49.90	4114300	44.93
05/02/2004	49.30	50.10	49.30	49.50	6972900	44.57
04/02/2004	51.05	51.25	50.15	50.20	2825900	45.20
03/02/2004	51.40	51.60	50.80	51.20	2541700	46.10
02/02/2004	50.60	51.40	50.40	51.15	2888400	46.06
30/01/2004	51.25	51.30	49.96	50.00	3293900	45.02
29/01/2004	51.60	51.60	50.60	51.10	2988200	46.01
28/01/2004	51.75	51.80	51.20	51.80	2677800	46.64
27/01/2004	52.00	52.40	51.55	51.70	2838400	46.55
26/01/2004	51.40	51.65	51.05	51.50	2368100	46.37
23/01/2004	51.40	51.90	51.10	51.65	3076400	46.51
22/01/2004	51.05	51.60	50.85	51.20	3273400	46.10
21/01/2004	50.35	50.90	50.15	50.75	2662900	45.70
20/01/2004	50.55	50.90	50.20	50.45	3065800	45.43
19/01/2004	50.50	51.05	50.30	50.85	2242400	45.79
16/01/2004	50.55	51.10	50.35	50.75	2875100	45.70
15/01/2004	50.00	50.65	49.65	50.25	3663800	45.25
14/01/2004	50.20	50.60	49.75	50.05	5443700	45.07
13/01/2004	50.95	51.45	50.20	50.35	3506300	45.34
12/01/2004	50.50	50.95	50.05	50.50	2721400	45.47
09/01/2004	51.40	51.70	50.50	50.75	3490700	45.70
08/01/2004	50.45	51.35	50.40	50.75	3027900	45.70
07/01/2004	50.70	50.95	49.86	50.15	3404500	45.16
06/01/2004	50.70	50.80	50.10	50.50	2335400	45.47
05/01/2004	50.10	50.65	49.81	50.60	2463100	45.56
02/01/2004	49.70	50.20	49.65	50.15	1563600	45.16
01/01/2004	49.92	49.92	49.92	49.92	0	44.95
31/12/2003	49.13	49.92	49.13	49.92	1280000	44.95
30/12/2003	49.55	49.90	49.36	49.54	2186800	44.61
29/12/2003	49.10	49.50	49.10	49.33	1882400	44.42
26/12/2003	49.10	49.10	49.10	49.10	0	44.21
25/12/2003	49.10	49.10	49.10	49.10	0	44.21
24/12/2003	48.97	49.33	48.90	49.10	838900	44.21
23/12/2003	49.15	49.30	48.90	49.05	1744100	44.17
22/12/2003	48.27	49.20	48.27	49.08	2567100	44.19
19/12/2003	48.95	49.12	48.51	48.95	3448000	44.08
18/12/2003	48.00	48.94	47.90	48.71	3895200	43.86
17/12/2003	49.60	49.60	48.18	48.35	6116000	43.54
16/12/2003	48.65	49.63	48.57	49.43	3753200	44.51
15/12/2003	49.45	49.55	48.94	49.03	3131800	44.15
12/12/2003	48.78	49.30	48.35	48.71	3618600	43.86
11/12/2003	48.17	48.74	47.98	48.67	3958200	43.82
10/12/2003	48.32	48.32	47.60	47.96	3235700	43.19
09/12/2003	48.45	48.73	47.77	48.39	4616400	43.57
08/12/2003	48.21	48.21	47.56	48.10	2749800	43.31
05/12/2003	48.56	48.91	48.01	48.54	3419500	43.71
04/12/2003	48.59	49.09	48.41	48.84	4552200	43.98
03/12/2003	47.89	49.10	47.63	48.56	5629100	43.73
02/12/2003	48.40	48.61	47.62	47.90	4206700	43.13
01/12/2003	47.53	48.30	47.00	48.08	4546200	43.29
28/11/2003	47.10	47.38	46.22	47.00	9083800	42.32
27/11/2003	46.50	47.00	46.30	46.88	2239100	42.21
26/11/2003	46.28	47.14	46.14	46.46	3980500	41.83
25/11/2003	46.29	47.00	46.29	46.31	3870200	41.70
24/11/2003	45.60	46.45	45.56	46.18	3417300	41.58
21/11/2003	44.92	45.50	44.48	45.45	3114300	40.93
20/11/2003	45.30	45.30	44.15	44.86	4391100	40.39
19/11/2003	44.35	45.12	43.80	44.92	5252500	40.45
18/11/2003	45.30	45.52	44.68	44.99	3055100	40.51
17/11/2003	46.00	46.24	45.03	45.14	4013900	40.65
14/11/2003	46.04	47.30	46.00	46.73	3459800	42.08
13/11/2003	47.07	47.27	46.10	46.26	3823400	41.65
12/11/2003	45.72	46.51	45.72	46.46	3438200	41.83
11/11/2003	45.87	45.92	45.45	45.90	2270600	41.33
10/11/2003	46.17	46.83	45.99	45.99	3099000	41.41
07/11/2003	47.00	47.51	46.52	46.76	4480300	42.10
06/11/2003	46.49	47.26	45.75	46.60	4124200	41.96
05/11/2003	46.65	47.23	45.62	46.12	5845600	41.53
04/11/2003	46.60	46.92	46.16	46.73	3878700	42.08
03/11/2003	45.34	46.78	45.18	46.70	4356100	42.05
31/10/2003	45.29	45.51	44.61	45.20	3977500	40.70
30/10/2003	44.85	46.29	44.85	45.56	4352700	41.02
29/10/2003	45.47	45.50	44.87	44.95	2651000	40.47
28/10/2003	44.41	45.33	44.41	44.83	3327100	40.37
27/10/2003	43.55	44.58	43.33	44.16	3295600	39.76
24/10/2003	43.71	43.87	43.00	43.34	2262300	39.03
23/10/2003	43.45	43.95	43.20	43.50	3245600	39.17
22/10/2003	44.57	45.13	43.81	43.85	3899700	39.48
21/10/2003	45.67	45.91	44.68	44.85	2857100	40.38
20/10/2003	44.91	45.75	44.66	45.32	2978000	40.81
17/10/2003	46.00	46.30	44.81	45.20	3948100	40.70
16/10/2003	45.55	46.58	45.50	45.77	3056600	41.21
15/10/2003	46.50	46.98	45.71	45.81	4196600	41.25
14/10/2003	46.67	46.70	45.73	46.13	2685900	41.54
13/10/2003	45.57	46.59	45.51	46.38	2588300	41.76
10/10/2003	45.83	46.19	45.10	45.51	2192200	40.98
09/10/2003	44.55	45.80	44.15	45.70	3319800	41.15
08/10/2003	44.50	45.30	44.35	44.43	3222000	40.01
07/10/2003	45.57	45.58	44.28	44.70	3625000	40.25
06/10/2003	45.25	45.95	45.22	45.45	2658900	40.93
03/10/2003	44.03	45.66	44.00	45.51	4606600	40.98
02/10/2003	43.90	44.50	43.79	43.85	6240600	39.48
01/10/2003	42.21	43.39	41.82	43.39	5095000	39.07
30/09/2003	42.85	43.25	41.35	42.10	6238700	37.91
29/09/2003	43.69	44.20	42.42	42.92	4269000	38.65
26/09/2003	43.48	44.15	42.72	43.95	4275800	39.57
25/09/2003	44.12	44.30	43.33	43.89	5037100	39.52
24/09/2003	45.01	45.85	44.68	44.75	4790400	40.29
23/09/2003	44.90	44.97	43.60	44.64	5236800	40.20
22/09/2003	45.10	45.23	43.65	44.66	5133300	40.21
19/09/2003	46.50	46.84	45.45	45.60	4859900	41.06
18/09/2003	45.86	46.49	45.31	46.49	3945600	41.86
17/09/2003	46.49	46.98	45.85	45.85	3826000	41.29
16/09/2003	45.22	46.22	44.95	46.15	3779400	41.56
15/09/2003	44.58	45.26	44.31	44.91	2813400	40.44
12/09/2003	45.00	45.40	43.91	44.34	5026100	39.93
11/09/2003	44.60	45.28	44.20	44.81	2840000	40.35
10/09/2003	45.12	45.28	44.25	44.62	3229700	40.18
09/09/2003	46.33	46.33	45.20	45.28	3342400	40.77
08/09/2003	45.70	46.45	45.55	46.00	2764400	41.42
05/09/2003	46.20	46.52	45.37	45.80	3254100	41.24
04/09/2003	46.87	47.10	45.70	46.13	3452100	41.54
03/09/2003	46.50	47.68	46.11	46.91	5314200	42.24
02/09/2003	46.26	46.50	45.80	46.00	2853900	41.42
01/09/2003	45.65	46.70	45.65	46.03	1917100	41.45
29/08/2003	46.68	46.89	45.33	45.38	3565900	40.86
28/08/2003	45.65	46.89	45.30	46.34	3825300	41.73
27/08/2003	45.21	45.75	44.89	45.47	7343200	40.94
26/08/2003	45.92	46.37	44.74	44.84	4859600	40.38
25/08/2003	46.43	46.49	45.82	45.92	2433900	41.35
22/08/2003	46.70	47.04	46.22	46.60	3792300	41.96
21/08/2003	47.94	48.12	46.85	47.03	4686300	42.35
20/08/2003	48.80	48.80	47.51	47.93	2696300	43.16
19/08/2003	49.35	49.47	48.33	48.92	2474200	44.05
18/08/2003	49.00	49.25	48.41	49.20	1487600	44.30
15/08/2003	48.69	49.49	48.48	48.69	2239500	43.84
14/08/2003	47.40	48.70	46.80	48.69	3002000	43.84
13/08/2003	48.20	48.39	46.91	47.29	3332500	42.58
12/08/2003	47.26	48.09	46.86	47.77	2553200	43.01
11/08/2003	46.99	47.48	46.72	47.01	1628700	42.33
08/08/2003	46.98	47.48	46.42	46.76	2517400	42.10
07/08/2003	47.45	47.68	46.08	46.61	3293700	41.97
06/08/2003	47.50	47.68	46.71	46.91	3806800	42.24
05/08/2003	47.62	48.50	47.13	48.28	3487200	43.47
04/08/2003	47.61	48.58	46.43	47.05	2987100	42.37
01/08/2003	48.65	49.17	47.37	47.55	4126400	42.82
31/07/2003	47.70	48.95	47.28	48.32	6805200	43.51
30/07/2003	46.04	47.26	45.90	46.56	3464400	41.92
29/07/2003	46.22	47.33	46.05	46.29	3883300	41.68
28/07/2003	45.80	46.78	45.61	46.42	2418700	41.80
25/07/2003	45.82	46.10	44.76	45.11	2445800	40.62
24/07/2003	44.60	46.39	44.45	46.27	3988500	41.66
23/07/2003	45.16	45.40	44.51	44.67	2505900	40.22
22/07/2003	44.81	45.06	44.40	44.95	2083800	40.47
21/07/2003	46.56	46.67	44.55	44.69	3031800	40.24
18/07/2003	45.24	46.60	45.15	45.99	3299100	41.41
17/07/2003	45.86	46.10	44.88	45.83	3146000	41.27
16/07/2003	46.97	47.50	45.94	46.12	3225200	41.53
15/07/2003	46.01	47.31	45.85	46.30	2844100	41.69
14/07/2003	45.75	46.64	45.20	46.21	1993700	41.61
11/07/2003	44.45	45.48	44.11	45.48	2255600	40.95
10/07/2003	45.10	45.45	44.26	44.68	2529900	40.23
09/07/2003	46.05	46.33	45.09	45.28	2789200	40.77
08/07/2003	45.57	46.56	45.48	46.16	3069400	41.56
07/07/2003	44.51	45.70	44.51	45.53	3740100	41.00
04/07/2003	44.63	44.97	44.25	44.25	3038400	39.84
03/07/2003	45.11	45.60	44.65	45.01	3703800	40.53
02/07/2003	44.60	45.07	44.43	44.92	3527200	40.45
01/07/2003	44.15	44.65	43.55	43.71	4062800	39.36
30/06/2003	45.05	45.68	44.25	44.25	4476700	39.84
27/06/2003	45.29	45.35	44.72	45.01	4064800	40.53
26/06/2003	44.61	45.42	44.60	45.04	3024700	40.56
25/06/2003	45.26	45.74	44.28	45.03	4859200	40.55
24/06/2003	45.10	45.83	44.65	45.15	5635600	40.65
23/06/2003	46.36	46.58	44.80	45.03	3072300	40.55
20/06/2003	45.20	46.90	45.20	46.81	8146300	42.15
19/06/2003	47.45	47.49	45.60	45.98	5809600	41.40
18/06/2003	46.70	47.45	46.25	47.45	3695800	42.73
17/06/2003	46.25	46.87	46.05	46.80	4546100	42.14
16/06/2003	44.20	45.99	43.94	45.86	4454400	41.29
13/06/2003	45.32	45.89	44.33	44.47	7711000	40.04
12/06/2003	45.85	46.34	44.97	45.29	5103800	40.78
11/06/2003	45.10	46.47	44.72	46.40	4809900	40.70
10/06/2003	43.98	44.98	43.67	44.75	8087700	39.25
09/06/2003	44.74	45.43	43.99	44.24	2490200	38.81
06/06/2003	44.10	45.25	44.06	44.98	4213400	39.45
05/06/2003	44.00	44.75	43.34	43.91	5467100	38.52
04/06/2003	43.41	44.23	42.73	43.62	4206400	38.26
03/06/2003	42.45	43.34	42.28	43.20	4141100	37.89
02/06/2003	42.60	43.20	42.15	42.80	4472600	37.54
30/05/2003	41.28	42.98	41.28	42.10	5712400	36.93
29/05/2003	41.50	42.45	41.45	42.05	1458800	36.88
28/05/2003	41.58	42.17	41.17	41.68	4447200	36.56
27/05/2003	41.03	41.44	39.90	41.12	3946000	36.07
26/05/2003	41.40	41.98	41.10	41.18	1568700	36.12
23/05/2003	41.58	41.81	40.20	41.55	4344900	36.45
22/05/2003	40.88	41.40	40.52	41.04	4136700	36.00
21/05/2003	40.92	40.95	39.65	40.94	6008300	35.91
20/05/2003	41.00	41.48	40.29	40.75	4548000	35.74
19/05/2003	42.45	42.65	40.90	41.00	4546700	35.96
16/05/2003	43.50	43.98	42.50	43.23	3699700	37.92
15/05/2003	43.50	43.77	42.60	43.30	3799800	37.98
14/05/2003	42.60	43.82	42.30	42.80	4175300	37.54
13/05/2003	42.15	42.80	41.60	42.62	3279400	37.38
12/05/2003	42.05	42.44	41.11	41.86	2705800	36.72
09/05/2003	41.79	41.98	40.75	41.55	4746800	36.45
08/05/2003	42.70	42.98	41.40	41.74	4624000	36.61
07/05/2003	44.00	44.34	43.05	43.10	7386500	37.81
06/05/2003	41.71	43.00	41.54	42.99	3591700	37.71
05/05/2003	42.30	42.95	41.72	41.79	2946100	36.66
02/05/2003	41.82	41.99	41.05	41.67	3554000	36.55
01/05/2003	42.06	42.06	42.06	42.06	0	36.89
30/04/2003	42.18	42.89	41.52	42.06	3497700	36.89
29/04/2003	42.35	43.10	41.60	41.95	5604300	36.80
28/04/2003	40.15	42.06	39.90	41.88	2828700	36.74
25/04/2003	41.21	41.50	40.44	40.64	2918500	35.65
24/04/2003	41.53	42.56	41.00	41.21	3352600	36.15
23/04/2003	41.99	43.25	41.56	41.90	5175700	36.75
22/04/2003	41.09	41.30	40.00	41.18	2012800	36.12
21/04/2003	40.59	40.59	40.59	40.59	0	35.60
18/04/2003	40.59	40.59	40.59	40.59	0	35.60
17/04/2003	40.53	41.57	40.30	40.59	2962600	35.60
16/04/2003	42.00	42.39	40.86	40.86	3607500	35.84
15/04/2003	41.25	41.95	40.89	41.30	4589800	36.23
14/04/2003	39.70	40.77	38.94	40.56	3873800	35.58
11/04/2003	39.28	40.29	39.21	39.66	5416500	34.79
10/04/2003	39.66	39.85	38.97	39.12	7092300	34.31
09/04/2003	40.63	41.50	40.02	40.41	7480400	35.45
08/04/2003	41.75	42.80	41.23	41.60	6148000	36.49
07/04/2003	41.74	42.99	41.74	42.14	6334500	36.96
04/04/2003	39.90	41.04	39.00	40.50	4815200	35.52
03/04/2003	38.70	40.35	38.25	39.51	5095800	34.66
02/04/2003	37.97	38.69	37.52	38.44	5034600	33.72
01/04/2003	36.52	38.00	35.92	36.97	3982800	32.43
31/03/2003	36.70	37.17	36.05	36.70	4300100	32.19
28/03/2003	37.88	38.09	36.80	38.00	3461300	33.33
27/03/2003	38.51	38.58	37.24	37.45	4827300	32.85
26/03/2003	39.45	40.00	38.62	39.00	3490800	34.21
25/03/2003	38.32	39.65	37.12	39.41	6089000	34.57
24/03/2003	40.72	40.72	38.32	38.61	5377800	33.87
21/03/2003	39.35	41.90	39.29	41.46	7046600	36.37
20/03/2003	39.30	40.40	38.44	38.95	4153300	34.17
19/03/2003	39.50	41.20	38.92	39.74	4599700	34.86
18/03/2003	40.00	40.96	38.25	39.18	6669200	34.37
17/03/2003	37.10	40.65	36.75	39.57	6099700	34.71
14/03/2003	35.77	38.45	35.60	38.34	10010400	33.63
13/03/2003	33.11	34.88	33.11	34.44	4533900	30.21
12/03/2003	34.13	34.45	32.65	32.80	5780500	28.77
11/03/2003	34.38	35.16	33.63	33.98	4581200	29.81
10/03/2003	35.20	35.20	34.15	34.45	3187800	30.22
07/03/2003	36.48	36.48	34.72	35.15	3450600	30.83
06/03/2003	36.99	37.44	35.86	35.86	3510700	31.45
05/03/2003	36.48	37.28	36.16	36.76	3289200	32.24
04/03/2003	38.65	38.67	36.61	37.09	3806100	32.53
03/03/2003	38.56	39.65	38.16	38.76	2774500	34.00
28/02/2003	37.75	38.54	36.80	38.40	3760000	33.68
27/02/2003	36.30	37.58	36.05	37.30	3222800	32.72
26/02/2003	37.25	37.50	36.05	36.71	12541500	32.20
25/02/2003	37.32	38.00	36.45	36.68	3219000	32.17
24/02/2003	38.78	39.30	37.80	37.84	2426000	33.19
21/02/2003	37.92	38.73	37.70	38.69	2664000	33.94
20/02/2003	38.95	39.30	37.75	38.22	3131000	33.52
19/02/2003	40.10	40.18	38.86	38.89	3873100	34.11
18/02/2003	39.65	40.36	39.35	40.10	3610200	35.17
17/02/2003	39.65	39.90	39.26	39.75	2524300	34.87
14/02/2003	37.70	39.61	37.70	39.15	4879800	34.34
13/02/2003	37.20	37.95	36.31	37.66	4615200	33.03
12/02/2003	39.00	39.08	37.52	37.52	4328300	32.91
11/02/2003	38.14	39.61	38.14	39.50	6044300	34.65
10/02/2003	37.88	38.46	37.26	38.14	4688800	33.45
07/02/2003	38.20	38.79	37.52	37.95	4533300	33.29
06/02/2003	37.60	38.90	37.50	38.09	6594400	33.41
05/02/2003	37.00	38.25	36.25	38.03	5733300	33.36
04/02/2003	37.05	37.30	36.10	36.59	4605200	32.10
03/02/2003	37.40	37.90	36.84	37.05	2756200	32.50
31/01/2003	36.22	37.38	35.75	36.77	5374900	32.25
30/01/2003	34.98	36.67	34.75	36.67	5552900	32.17
29/01/2003	34.98	34.98	32.75	34.19	5976800	29.99
28/01/2003	35.49	35.61	34.06	34.50	4202000	30.26
27/01/2003	35.61	35.61	35.61	35.61	0	31.24
24/01/2003	37.50	37.60	35.52	35.61	4479500	31.24
23/01/2003	36.58	37.78	36.05	36.63	4877200	32.13
22/01/2003	36.81	37.04	35.16	35.80	4519600	31.40
21/01/2003	38.20	38.38	36.22	36.72	5649200	32.21
20/01/2003	38.70	39.02	37.23	37.60	3827100	32.98
17/01/2003	39.60	39.90	38.33	38.33	4529200	33.62
16/01/2003	40.93	40.93	39.83	40.14	4307800	35.21
15/01/2003	41.63	41.96	40.41	40.49	3532000	35.52
14/01/2003	41.30	41.70	40.70	41.33	3598200	36.25
13/01/2003	40.95	41.65	40.91	41.13	2863600	36.08
10/01/2003	40.90	41.30	40.00	40.57	2978300	35.59
09/01/2003	40.92	40.92	39.13	40.59	3124400	35.60
08/01/2003	40.81	41.12	40.26	40.50	3254200	35.52
07/01/2003	41.40	41.80	40.23	40.81	3599600	35.80
06/01/2003	41.00	41.20	39.85	40.98	2746000	35.95
03/01/2003	41.00	41.28	40.13	40.40	3703700	35.44
02/01/2003	39.41	40.62	38.81	40.62	3627700	35.63
01/01/2003	38.60	38.73	38.60	38.60	0	33.86
