Date,Open,High,Low,Close,Volume,Adj Close
2008-07-07,55.67,55.75,53.36,53.73,4799500,53.73
2008-07-04,57.02,57.07,54.54,54.81,2733000,54.81
2008-07-03,52.80,56.45,52.12,56.22,7172000,56.22
2008-07-02,53.92,55.26,53.39,53.60,4589700,53.60
2008-07-01,54.43,54.66,52.30,53.64,5919700,53.64
2008-06-30,54.85,55.58,53.50,55.29,4420900,55.29
2008-06-27,54.87,56.20,53.12,55.10,4520400,55.10
2008-06-26,57.34,57.80,55.00,55.29,5542000,55.29
2008-06-25,55.95,58.28,55.94,58.10,5402600,58.10
2008-06-24,55.23,56.40,54.11,55.60,6070200,55.60
2008-06-23,56.34,57.25,55.16,55.50,3593000,55.50
2008-06-20,57.03,57.80,55.55,56.45,7343200,56.45
2008-06-19,57.46,58.08,56.32,56.58,5505300,56.58
2008-06-18,59.31,59.60,57.83,58.13,4773900,58.13
2008-06-17,58.43,61.01,58.35,60.00,6611200,60.00
2008-06-16,59.06,60.57,56.95,58.14,5155400,58.14
2008-06-13,58.56,58.56,56.88,57.90,6643000,57.90
2008-06-12,57.70,59.07,57.19,58.30,5181800,58.30
2008-06-11,60.50,61.17,57.11,57.46,5849300,57.46
2008-06-10,58.52,60.75,57.44,59.39,5010100,59.39
2008-06-06,63.04,63.45,60.45,60.50,4738000,60.50
2008-06-05,63.51,63.78,61.82,62.72,3398900,62.72
2008-06-04,64.00,64.16,61.64,63.64,7322200,63.64
2008-06-03,64.25,65.00,63.58,64.73,4544400,64.73
2008-06-02,66.95,67.15,65.12,65.89,8312500,64.99
2008-05-30,66.05,67.73,66.00,66.80,3787500,65.89
2008-05-29,67.10,67.42,65.02,65.67,3882700,64.77
2008-05-28,66.49,67.96,66.20,66.50,3298500,65.59
2008-05-27,66.92,67.25,65.63,66.45,3342500,65.54
2008-05-26,66.14,67.10,66.13,66.70,1559500,65.79
2008-05-23,67.40,68.77,66.64,66.75,3899400,65.84
2008-05-22,65.50,68.25,65.30,67.77,5531800,66.84
2008-05-21,67.87,68.20,65.89,66.26,6115000,65.35
2008-05-20,69.89,69.90,67.65,68.09,5349400,67.16
2008-05-19,72.60,72.60,69.84,70.50,4549400,69.54
2008-05-16,71.85,72.67,71.04,71.85,4178400,70.87
2008-05-15,71.15,71.43,70.32,71.02,3017400,70.05
2008-05-14,71.90,71.97,70.04,71.32,3528600,70.35
2008-05-13,71.70,72.45,69.22,70.90,7240800,69.93
2008-05-12,72.73,73.17,71.10,71.50,2558700,70.52
2008-05-09,73.00,73.20,71.02,72.60,5280500,71.61
2008-05-08,75.00,75.30,73.18,74.11,4066500,73.10
2008-05-07,76.80,77.00,75.18,76.04,3430700,75.00
2008-05-06,78.50,78.52,75.10,76.40,3761100,75.36
2008-05-05,78.00,78.99,77.40,78.45,1722500,77.38
2008-05-02,76.75,78.90,76.10,78.20,4989400,77.13
2008-04-30,75.63,75.63,74.10,75.16,2759700,74.13
2008-04-29,75.25,76.20,74.40,75.45,3168900,74.42
2008-04-28,76.19,77.04,75.22,76.48,2924200,75.44
2008-04-25,74.40,76.38,74.35,75.56,4622800,74.53
2008-04-24,72.53,73.70,71.52,73.70,3076900,72.69
2008-04-23,73.65,74.00,71.62,73.20,4217800,72.20
2008-04-22,72.55,74.00,72.25,73.62,3632000,72.61
2008-04-21,74.80,77.26,72.64,73.85,5913300,72.84
2008-04-18,71.89,75.99,70.54,75.15,11325500,74.12
2008-04-17,69.80,72.20,69.61,70.99,8034800,70.02
2008-04-16,66.89,68.56,66.58,68.06,4818900,67.13
2008-04-15,66.65,66.88,65.60,65.95,3698400,65.05
2008-04-14,67.41,67.48,65.63,66.46,3945700,65.55
2008-04-11,68.04,68.63,66.13,67.30,5030300,66.38
2008-04-10,67.51,67.89,65.34,67.29,5035900,66.37
2008-04-09,68.08,69.40,67.17,67.84,4467300,66.91
2008-04-08,68.04,68.65,66.84,68.65,4113400,67.71
2008-04-07,68.02,69.98,67.77,69.00,5007300,68.06
2008-04-04,67.70,68.32,66.15,67.30,4664100,66.38
2008-04-03,68.27,68.99,66.15,67.64,6516200,66.72
2008-04-02,67.90,69.74,67.40,69.38,6848900,68.43
2008-04-01,61.38,67.90,61.03,67.90,10183500,66.97
2008-03-31,63.80,63.95,61.57,62.02,5415100,61.17
2008-03-28,65.16,65.16,63.50,64.12,3422000,63.24
2008-03-27,63.96,65.57,63.49,64.78,4807500,63.90
2008-03-26,64.01,64.97,62.40,63.59,6704100,62.72
2008-03-25,65.18,66.00,63.95,64.31,8369300,63.43
2008-03-24,61.33,61.33,61.33,61.33,000,60.49
2008-03-21,61.33,61.33,61.33,61.33,000,60.49
2008-03-20,61.10,62.89,59.55,61.33,11601400,60.49
2008-03-19,64.05,65.50,61.67,62.44,18708800,61.59
2008-03-18,64.55,67.85,63.61,67.19,10154000,66.27
2008-03-17,65.40,65.66,61.72,62.98,16060100,62.12
2008-03-14,70.50,73.31,66.99,68.75,10887300,67.81
2008-03-13,68.65,70.61,67.10,70.00,9517000,69.04
2008-03-12,70.70,71.95,69.06,71.11,10852100,70.14
2008-03-11,64.30,68.60,64.30,66.94,8419100,66.03
2008-03-10,64.95,66.80,63.05,64.08,5034000,63.20
2008-03-07,65.56,66.88,63.83,65.00,7483000,64.11
2008-03-06,69.53,69.56,66.10,66.32,5371700,65.41
2008-03-05,68.60,70.48,67.26,69.62,4367300,68.67
2008-03-04,70.50,70.89,66.65,67.42,5116800,66.50
2008-03-03,70.80,71.43,68.00,69.59,5789500,68.64
2008-02-29,70.10,73.40,69.55,71.10,15036400,70.13
2008-02-28,68.15,72.76,67.00,70.30,21152700,69.34
2008-02-27,68.44,69.18,67.15,69.00,12271900,68.06
2008-02-26,65.65,68.33,64.71,67.85,18291000,66.92
2008-02-25,65.38,65.68,64.24,64.85,11292600,63.96
2008-02-22,64.71,65.30,62.74,64.58,15721200,63.70
2008-02-21,67.00,68.63,64.55,65.08,17093400,64.19
2008-02-20,74.19,75.12,71.15,71.15,10060500,70.18
2008-02-19,76.65,77.73,75.03,75.70,4473600,74.67
2008-02-18,76.15,77.45,74.70,76.67,3401800,75.62
2008-02-15,77.52,78.17,74.22,76.22,6154200,75.18
2008-02-14,80.79,80.88,77.13,78.00,3343800,76.93
2008-02-13,75.62,81.13,75.50,79.39,6349600,78.31
2008-02-12,75.30,78.18,72.20,77.16,7097200,76.11
2008-02-11,74.00,76.35,72.83,74.59,9238600,73.57
2008-02-08,81.73,82.49,76.60,77.72,8260600,76.66
2008-02-07,81.50,83.50,79.71,80.51,4900200,79.41
2008-02-06,78.25,85.41,78.03,81.75,9551500,80.63
2008-02-05,84.80,84.80,78.52,79.20,8722600,78.12
2008-02-04,88.35,88.40,82.18,83.61,7811000,82.47
2008-02-01,86.95,89.70,84.90,87.80,12078000,86.60
2008-01-31,80.99,84.89,79.21,83.20,12213300,82.06
2008-01-30,77.26,82.99,76.16,81.80,13664400,80.68
2008-01-29,72.80,80.26,70.52,78.45,21684000,77.38
2008-01-28,71.50,71.65,66.80,71.05,12554800,70.08
2008-01-25,78.70,79.00,73.12,73.87,15195600,72.86
2008-01-24,76.00,78.78,73.10,75.81,25037700,74.77
2008-01-23,84.90,84.90,75.14,79.08,11927300,78.00
2008-01-22,74.00,83.74,71.80,82.50,11653600,81.37
2008-01-21,83.50,83.60,77.40,78.52,11006300,77.45
2008-01-18,92.79,93.38,84.55,85.34,10838300,84.17
2008-01-17,96.68,96.75,93.00,93.00,4082900,91.73
2008-01-16,94.35,96.06,92.70,94.93,4636800,93.63
2008-01-15,97.51,99.15,95.22,95.24,5235900,93.94
2008-01-14,96.50,99.53,96.50,98.10,3043500,96.76
2008-01-11,95.73,97.88,95.00,97.11,3114100,95.78
2008-01-10,95.75,96.98,94.99,95.25,2627500,93.95
2008-01-09,94.84,96.07,93.80,94.99,3269100,93.69
2008-01-08,97.17,97.39,93.99,95.24,4954900,93.94
2008-01-07,96.20,97.50,96.15,96.87,1845000,95.55
2008-01-04,98.50,99.79,95.80,96.70,3713800,95.38
2008-01-03,97.57,98.13,95.92,97.74,2118900,96.40
2008-01-02,98.50,99.91,97.07,97.76,2591600,96.42
2008-01-01,98.93,98.93,98.93,98.93,000,97.58
2007-12-31,98.68,98.96,98.23,98.93,382500,97.58
2007-12-28,98.49,99.66,98.22,98.99,1079700,97.64
2007-12-27,98.75,99.82,98.30,98.88,1814100,97.53
2007-12-26,98.59,98.59,98.59,98.59,000,97.24
2007-12-25,98.59,98.59,98.59,98.59,000,97.24
2007-12-24,98.50,98.98,98.44,98.59,378200,97.24
2007-12-21,99.05,99.98,98.20,98.44,6073800,97.10
2007-12-20,98.42,99.40,97.35,98.19,2787200,96.85
2007-12-19,99.01,99.31,96.89,98.06,3295200,96.72
2007-12-18,99.00,100.85,98.40,99.11,3635100,97.76
2007-12-17,98.66,99.33,97.38,98.46,3707300,97.12
2007-12-14,102.87,102.91,98.79,100.67,4038500,99.29
2007-12-13,103.76,104.13,101.23,101.90,5118200,100.51
2007-12-12,104.90,107.70,103.13,105.72,5907800,104.28
2007-12-11,108.21,108.85,105.90,106.89,2926800,105.43
2007-12-10,104.64,108.72,104.64,107.76,2743100,106.29
2007-12-07,106.40,107.74,105.79,106.54,3121000,105.08
2007-12-06,103.51,107.20,103.33,105.11,4950100,103.67
2007-12-05,102.00,102.69,99.84,102.45,3367600,101.05
2007-12-04,103.01,103.46,100.00,101.05,4149100,99.67
2007-12-03,104.46,106.26,103.01,104.53,2822100,103.10
2007-11-30,102.44,106.37,101.91,105.58,4136600,104.14
2007-11-29,103.00,105.49,100.89,102.69,4497700,101.29
2007-11-28,99.10,102.00,98.60,101.02,4865300,99.64
2007-11-27,94.50,99.22,93.90,97.87,4841800,96.53
2007-11-26,98.90,99.43,95.16,95.99,3471100,94.68
2007-11-23,94.70,98.19,94.64,97.75,4901000,96.41
2007-11-22,95.50,95.92,92.55,93.90,3880600,92.62
2007-11-21,96.50,97.44,93.05,94.63,7265100,93.34
2007-11-20,100.02,101.38,96.90,100.58,4053500,99.21
2007-11-19,102.50,103.04,98.80,99.33,3827900,97.97
2007-11-16,104.20,104.59,101.65,102.27,4897600,100.87
2007-11-15,104.96,105.97,103.60,105.00,3889200,103.57
2007-11-14,107.00,107.04,104.58,105.10,4612800,103.66
2007-11-13,102.15,104.45,100.50,103.13,3188200,101.72
2007-11-12,99.20,103.30,99.12,102.29,5333500,100.89
2007-11-09,104.53,105.95,98.40,100.00,6783400,98.63
2007-11-08,101.99,106.10,101.61,103.92,5528300,102.50
2007-11-07,109.10,110.38,104.72,105.14,4977500,103.70
2007-11-06,107.51,108.28,103.88,106.40,3909600,104.95
2007-11-05,106.94,107.45,104.83,106.34,5426100,104.89
2007-11-02,111.00,111.00,106.68,108.65,7300800,107.17
2007-11-01,116.00,116.10,110.96,112.71,4393500,111.17
2007-10-31,113.22,116.78,113.22,115.86,4222800,114.28
2007-10-30,112.39,114.28,112.06,113.22,2093300,111.67
2007-10-29,113.20,113.59,111.11,112.95,2998700,111.41
2007-10-26,112.89,112.89,110.13,111.60,3942300,110.08
2007-10-25,112.98,113.61,111.00,112.40,2396900,110.86
2007-10-24,113.58,113.58,110.85,111.82,3013200,110.29
2007-10-23,113.85,114.74,112.23,113.85,3046400,112.29
2007-10-22,116.07,114.87,112.52,113.85,4606600,112.29
2007-10-19,117.61,117.61,115.85,116.68,2259500,115.09
2007-10-18,120.40,120.40,117.19,117.85,3117000,116.24
2007-10-17,118.70,120.90,117.65,119.40,2586700,117.77
2007-10-16,119.00,119.47,117.40,119.13,2931900,117.50
2007-10-15,122.81,122.81,118.44,120.00,3114300,118.36
2007-10-12,122.15,122.79,120.52,122.79,3579000,121.11
2007-10-11,125.57,125.59,122.87,123.70,3051500,122.01
2007-10-10,126.35,126.75,123.60,124.89,3229600,123.18
2007-10-09,126.21,127.08,125.62,126.50,2696800,124.77
2007-10-08,128.98,129.65,126.60,127.40,2623100,125.66
2007-10-05,126.96,128.73,126.05,127.79,2815200,126.04
2007-10-04,123.87,128.00,123.76,126.86,4931900,125.13
2007-10-03,124.66,125.70,123.75,124.35,3691500,122.65
2007-10-02,121.00,125.15,120.76,124.08,8118300,122.39
2007-10-01,116.10,119.64,115.11,119.20,4133400,117.57
2007-09-28,119.81,120.30,116.40,117.68,4105500,116.07
2007-09-27,119.25,120.77,118.15,120.16,3658100,118.52
2007-09-26,117.20,118.59,116.67,117.99,2253600,116.38
2007-09-25,117.70,118.38,116.10,116.95,3478300,115.35
2007-09-24,119.82,119.99,117.85,118.96,3532600,117.34
2007-09-21,120.03,122.63,119.88,120.59,4399300,118.94
2007-09-20,119.71,121.30,118.77,120.82,3802100,119.17
2007-09-19,119.00,122.39,118.50,121.31,11084500,119.65
2007-09-18,109.39,114.49,109.39,113.50,6032000,111.95
2007-09-17,112.60,112.75,109.90,110.88,3698000,109.37
2007-09-14,114.70,115.02,111.06,113.50,4876100,111.95
2007-09-13,114.53,116.43,113.43,116.08,3805200,114.49
2007-09-12,114.76,116.70,114.20,115.31,3115400,113.73
2007-09-11,114.20,115.64,113.19,114.76,2417600,113.19
2007-09-10,114.00,115.94,112.50,112.88,3986300,111.34
2007-09-07,118.45,118.45,112.55,113.90,7248200,112.34
2007-09-06,119.10,119.58,116.51,118.53,3389400,116.91
2007-09-05,120.74,121.94,117.21,118.40,4013900,116.78
2007-09-04,120.05,122.75,118.44,121.97,4402300,120.30
2007-09-03,118.32,120.43,117.96,119.44,1862600,117.81
2007-08-31,118.00,119.45,117.18,118.37,3602100,116.75
2007-08-30,118.25,119.00,114.98,116.55,4399200,114.96
2007-08-29,115.38,116.80,114.52,116.42,3712100,114.83
2007-08-28,118.80,119.08,115.60,116.54,3148500,114.95
2007-08-27,119.55,120.98,118.75,119.99,1308200,118.35
2007-08-24,118.74,119.96,117.30,119.24,2624500,117.61
2007-08-23,121.00,122.63,119.19,119.63,3590800,118.00
2007-08-22,118.93,120.85,118.68,119.29,3740100,117.66
2007-08-21,118.00,118.31,116.51,117.90,2754900,116.29
2007-08-20,120.70,120.70,117.24,117.95,3876000,116.34
2007-08-17,115.00,123.50,113.55,118.16,9533900,116.55
2007-08-16,113.80,115.40,112.10,113.88,6958800,112.32
2007-08-15,118.00,118.00,112.72,116.27,8270500,114.68
2007-08-14,123.15,124.00,117.49,119.00,5888800,117.37
2007-08-13,124.50,126.05,124.04,124.73,4327100,123.03
2007-08-10,125.10,125.88,119.05,122.20,8940300,120.53
2007-08-09,133.63,133.63,127.00,128.63,5622400,126.87
2007-08-08,134.13,134.80,133.14,134.30,4142300,132.47
2007-08-07,130.68,133.64,130.60,132.32,4476900,130.51
2007-08-06,126.01,129.40,125.50,128.25,3190300,126.50
2007-08-03,130.01,131.00,127.57,127.93,2964100,126.18
2007-08-02,128.00,131.95,127.41,129.89,5635800,128.12
2007-08-01,124.00,125.47,122.32,124.53,4267000,122.83
2007-07-31,125.32,129.15,125.20,127.44,4950600,125.70
2007-07-30,125.10,125.41,122.56,123.52,4531800,121.83
2007-07-27,125.28,127.75,124.65,125.74,4651400,124.02
2007-07-26,131.26,131.89,126.80,126.80,4514600,125.07
2007-07-25,132.24,132.68,130.10,131.28,2900800,129.49
2007-07-24,135.10,135.88,132.50,132.91,2436100,131.09
2007-07-23,134.80,136.00,133.89,135.70,1745500,133.85
2007-07-20,138.55,139.38,134.91,135.54,2261900,133.69
2007-07-19,139.35,139.58,138.07,138.72,1570500,136.83
2007-07-18,138.39,140.09,137.80,137.80,2519600,135.92
2007-07-17,138.46,140.67,138.03,139.79,2989500,137.88
2007-07-16,136.06,139.11,135.46,138.75,2455600,136.85
2007-07-13,137.39,137.40,135.65,135.90,2361500,134.04
2007-07-12,134.61,135.50,132.86,135.28,2031700,133.43
2007-07-11,132.99,134.30,131.61,133.73,2727100,131.90
2007-07-10,138.01,138.19,134.32,135.01,3029000,133.17
2007-07-09,139.76,139.90,137.34,137.92,1577900,136.04
2007-07-06,136.23,139.05,136.23,138.79,2155600,136.89
2007-07-05,137.99,138.17,135.82,136.63,2506200,134.76
2007-07-04,137.22,138.18,136.50,137.61,1251000,135.73
2007-07-03,138.09,138.68,136.60,136.69,2329500,134.82
2007-07-02,136.50,137.11,135.60,136.50,1906100,134.64
2007-06-29,137.10,138.20,135.56,137.53,3007900,135.65
2007-06-28,138.35,138.40,135.85,136.75,3195200,134.88
2007-06-27,137.85,137.92,135.94,137.32,3488500,135.44
2007-06-26,139.61,139.75,138.11,138.63,3006100,136.74
2007-06-25,141.00,141.47,139.25,140.69,1950000,138.77
2007-06-22,141.79,143.50,140.58,141.65,2710100,139.72
2007-06-21,141.80,142.24,140.09,141.18,2393700,139.25
2007-06-20,144.71,145.18,142.97,143.30,1933600,141.34
2007-06-19,144.85,145.35,143.65,143.70,1700100,141.74
2007-06-18,145.00,145.01,143.67,144.29,1698500,142.32
2007-06-15,144.40,145.95,144.10,145.01,3805700,143.03
2007-06-14,143.00,144.85,141.19,144.04,3086300,142.07
2007-06-13,139.00,141.67,137.95,141.13,2360800,139.20
2007-06-12,141.73,142.72,139.24,139.57,2821300,137.66
2007-06-11,141.50,143.20,141.34,142.66,2418500,140.71
2007-06-08,140.93,141.39,138.50,140.25,3520500,138.33
2007-06-07,141.35,141.54,139.01,139.50,4107300,137.59
2007-06-06,141.86,142.20,139.50,139.61,3194300,137.70
2007-06-05,144.75,145.30,141.98,141.98,2281900,140.04
2007-06-04,145.63,145.63,143.21,144.19,1986700,142.22
2007-06-01,144.99,147.08,144.73,146.13,2025500,144.13
2007-05-31,145.00,145.20,143.50,144.79,2687700,142.81
2007-05-30,144.01,144.79,142.65,144.02,1538300,142.05
2007-05-29,145.73,145.89,144.31,145.20,1207900,143.22
2007-05-28,145.25,145.70,144.91,145.57,273800,143.58
2007-05-25,144.62,145.90,143.19,145.18,2178700,143.20
2007-05-24,146.26,146.99,144.51,144.81,2772500,142.83
2007-05-23,148.00,148.10,147.13,147.69,2127900,145.67
2007-05-22,147.52,149.59,144.81,147.20,2466900,145.19
2007-05-21,146.99,150.00,146.08,147.69,3572800,145.67
2007-05-18,150.50,151.75,148.73,150.57,3411000,143.38
2007-05-17,152.63,152.80,148.86,150.15,2701500,142.98
2007-05-16,153.75,153.84,151.00,151.86,2489100,144.61
2007-05-15,150.86,155.50,150.50,154.57,3761800,147.19
2007-05-14,158.00,159.00,150.02,152.50,4872400,145.22
2007-05-11,148.00,157.48,145.68,155.70,10313100,148.27
2007-05-10,147.76,154.81,147.07,149.78,6627200,142.63
2007-05-09,157.37,158.29,151.52,152.93,5369800,145.63
2007-05-08,157.75,158.00,155.76,157.01,2477300,149.52
2007-05-07,159.69,160.00,157.52,157.62,1136900,150.10
2007-05-04,156.48,159.41,156.10,158.42,3555200,150.86
2007-05-03,156.04,156.61,155.11,156.00,2840900,148.56
2007-05-02,158.00,158.27,154.83,155.19,3240700,147.78
2007-05-01,156.50,156.50,156.50,156.50,000,149.03
2007-04-30,154.99,157.00,154.20,156.50,2356600,149.03
2007-04-27,152.10,156.20,151.46,155.40,4745700,147.98
2007-04-26,153.05,153.71,151.70,152.03,2158700,144.77
2007-04-25,152.00,153.90,150.60,151.58,3531700,144.35
2007-04-24,150.21,153.62,147.96,148.98,4653000,141.87
2007-04-23,150.05,154.16,150.00,151.35,5545000,144.13
2007-04-20,146.70,162.00,146.11,156.09,14020700,148.64
2007-04-19,141.57,146.62,141.50,144.87,5358900,137.96
2007-04-18,139.40,147.29,138.31,143.50,7072800,136.65
2007-04-17,138.68,140.75,138.35,139.27,3993700,132.62
2007-04-16,135.79,139.44,135.39,138.78,2813300,132.16
2007-04-13,135.18,135.80,134.22,134.94,1436600,128.50
2007-04-12,133.60,134.80,132.25,134.51,2507500,128.09
2007-04-11,133.50,135.09,132.65,133.71,2338500,127.33
2007-04-10,132.74,134.18,131.60,133.48,2835800,127.11
2007-04-09,131.46,131.46,131.46,131.46,000,125.19
2007-04-06,131.46,131.46,131.46,131.46,000,125.19
2007-04-05,130.10,131.75,129.75,131.46,2418700,125.19
2007-04-04,130.12,130.40,129.39,130.28,1404600,124.06
2007-04-03,129.29,130.17,128.01,129.98,1899100,123.78
2007-04-02,129.02,129.02,127.46,128.25,2109900,122.13
2007-03-30,129.52,130.82,128.43,129.37,1754600,123.20
2007-03-29,127.98,129.49,127.58,129.14,1923800,122.98
2007-03-28,127.39,127.79,126.40,127.11,2057700,121.04
2007-03-27,129.49,129.78,128.10,128.65,1505700,122.51
2007-03-26,130.16,130.49,127.21,128.47,2543800,122.34
2007-03-23,129.98,130.57,128.30,130.33,2366400,124.11
2007-03-22,128.35,130.10,127.72,129.47,3221000,123.29
2007-03-21,126.90,127.74,125.69,126.19,1890200,120.17
2007-03-20,124.50,126.48,123.79,126.20,2964000,120.18
2007-03-19,123.35,124.90,122.80,124.64,3810700,118.69
2007-03-16,122.30,122.78,120.75,121.14,3897200,115.36
2007-03-15,122.45,122.45,120.53,122.40,4165000,116.56
2007-03-14,122.70,123.00,119.66,120.02,5377200,114.29
2007-03-13,127.49,127.70,124.72,124.91,2670500,118.95
2007-03-12,128.90,129.30,126.46,127.00,1883200,120.94
2007-03-09,128.25,129.03,126.93,128.71,2458800,122.57
2007-03-08,127.30,128.30,126.81,128.30,2828100,122.18
2007-03-07,126.07,126.64,125.41,126.23,2006200,120.21
2007-03-06,125.67,126.37,125.24,126.07,3339800,120.05
2007-03-05,122.50,125.20,121.21,124.72,3445000,118.77
2007-03-02,126.80,126.97,123.50,124.21,2943100,118.28
2007-03-01,127.04,128.67,123.26,125.42,5615100,119.43
2007-02-28,126.00,129.61,126.00,127.34,5034100,121.26
2007-02-27,131.00,131.33,128.25,128.90,3731600,122.75
2007-02-26,132.01,133.00,131.60,131.85,1753100,125.56
2007-02-23,134.10,134.20,131.13,132.00,4383900,125.70
2007-02-22,134.72,135.29,132.91,133.27,2605400,126.91
2007-02-21,134.50,135.23,133.81,134.50,2585600,128.08
2007-02-20,134.80,135.05,132.45,133.50,2688800,127.13
2007-02-19,135.06,135.80,134.50,135.20,1445900,128.75
2007-02-16,134.80,135.70,133.50,135.00,2410200,128.56
2007-02-15,136.50,136.50,134.50,135.00,2926900,128.56
2007-02-14,136.10,137.30,135.10,137.30,4566000,130.75
2007-02-13,139.90,140.00,138.60,139.60,2126100,132.94
2007-02-12,139.80,140.00,138.10,139.00,1641500,132.37
2007-02-09,139.50,141.20,139.40,140.60,2130900,133.89
2007-02-08,139.20,139.60,137.90,138.60,1591800,131.99
2007-02-07,139.30,139.80,138.80,139.40,1398400,132.75
2007-02-06,138.90,140.20,138.80,139.10,1283500,132.46
2007-02-05,138.00,139.70,137.60,138.80,2242000,132.18
2007-02-02,138.00,139.00,137.60,138.30,1438900,131.70
2007-02-01,137.00,138.50,136.70,137.40,2434800,130.84
2007-01-31,135.00,136.80,134.50,135.50,1631900,129.03
2007-01-30,134.40,136.10,133.80,135.50,1825400,129.03
2007-01-29,134.50,135.10,132.90,134.50,1819500,128.08
2007-01-26,133.30,133.60,132.00,132.90,2155400,126.56
2007-01-25,134.50,135.80,133.60,134.40,1885300,127.99
2007-01-24,132.50,134.70,132.30,134.20,1749300,127.80
2007-01-23,132.30,132.60,131.30,132.10,1139700,125.80
2007-01-22,132.50,133.00,131.40,131.80,1472700,125.51
2007-01-19,131.40,132.90,130.40,132.50,1669000,126.18
2007-01-18,131.10,132.60,130.60,131.40,1602300,125.13
2007-01-17,131.90,132.20,130.70,131.00,1233900,124.75
2007-01-16,133.00,134.20,131.50,131.90,1625800,125.61
2007-01-15,132.70,133.50,132.40,132.80,1200100,126.46
2007-01-12,131.80,132.50,131.10,132.00,1199900,125.70
2007-01-11,129.10,131.50,128.80,131.50,2463000,125.22
2007-01-10,128.90,129.40,127.40,128.80,1831700,122.65
2007-01-09,130.40,131.20,129.70,129.70,1730200,123.51
2007-01-08,130.50,131.40,129.80,130.00,1308200,123.80
2007-01-05,131.30,132.10,130.30,130.60,1368700,124.37
2007-01-04,131.00,132.00,130.80,131.50,1580100,125.22
2007-01-03,131.80,132.00,131.10,131.50,1326600,125.22
2007-01-02,130.00,132.00,129.90,131.40,1659800,125.13
2007-01-01,128.60,128.60,128.60,128.60,000,122.46
2006-12-29,129.30,130.10,128.60,128.60,793900,122.46
2006-12-28,129.50,130.00,129.10,129.30,631700,123.13
2006-12-27,129.30,129.80,128.60,129.00,1080800,122.84
2006-12-26,128.00,128.00,128.00,128.00,000,121.89
2006-12-25,128.00,128.00,128.00,128.00,000,121.89
2006-12-22,129.70,129.80,127.50,128.00,985800,121.89
2006-12-21,128.70,130.60,128.70,129.70,1921100,123.51
2006-12-20,127.90,129.90,127.70,129.00,1859300,122.84
2006-12-19,128.10,128.50,126.80,127.90,1785400,121.80
2006-12-18,127.90,129.40,127.60,128.60,1472200,122.46
2006-12-15,127.80,128.40,127.40,128.00,2804100,121.89
2006-12-14,127.00,128.10,126.30,127.50,2645800,121.42
2006-12-13,126.20,126.70,125.60,126.40,2859700,120.37
2006-12-12,125.70,125.70,124.10,125.40,1745600,119.42
2006-12-11,125.10,125.60,124.60,125.20,1920100,119.23
2006-12-08,123.60,124.20,122.10,124.00,2851000,118.08
2006-12-07,125.40,126.40,123.90,124.20,3424900,118.27
2006-12-06,126.40,126.70,125.30,125.60,1455600,119.61
2006-12-05,126.10,126.90,124.60,126.10,2022400,120.08
2006-12-04,125.70,126.20,124.80,125.90,1639300,119.89
2006-12-01,126.70,127.40,124.30,125.40,2411500,119.42
2006-11-30,127.20,127.60,126.10,126.50,1529400,120.46
2006-11-29,126.90,127.30,126.20,127.10,1702200,121.03
2006-11-28,125.60,126.80,124.00,126.00,2467800,119.99
2006-11-27,127.90,128.50,125.80,126.00,1827000,119.99
2006-11-24,129.20,129.20,127.00,128.40,1694800,122.27
2006-11-23,130.40,130.60,128.20,129.30,1153300,123.13
2006-11-22,130.80,131.20,129.80,130.00,986200,123.80
2006-11-21,129.50,131.00,129.20,130.30,1524000,124.08
2006-11-20,128.50,129.90,128.20,129.60,1152300,123.42
2006-11-17,130.00,130.60,128.50,129.50,2166400,123.32
2006-11-16,131.00,131.00,129.40,130.30,1935600,124.08
2006-11-15,131.80,131.90,130.90,131.20,852900,124.94
2006-11-14,132.10,132.40,130.50,131.20,1322000,124.94
2006-11-13,131.30,132.30,131.00,131.90,953500,125.61
2006-11-10,130.40,131.70,129.80,131.30,1507500,125.03
2006-11-09,130.50,131.10,129.70,131.00,2115000,124.75
2006-11-08,131.40,132.50,130.60,131.90,1917600,125.61
2006-11-07,130.10,132.90,129.90,131.90,2083900,125.61
2006-11-06,128.40,129.80,128.40,129.80,1202600,123.61
2006-11-03,129.00,129.00,127.20,128.00,1658700,121.89
2006-11-02,129.40,129.70,127.40,128.30,1713700,122.18
2006-11-01,130.20,130.50,129.30,130.10,1042700,123.89
2006-10-31,131.10,131.70,129.60,130.20,1364100,123.99
2006-10-30,129.80,131.30,129.70,130.70,1099300,124.46
2006-10-27,132.50,134.00,130.60,131.40,1451200,125.13
2006-10-26,131.20,132.90,130.10,132.10,2161200,125.80
2006-10-25,130.40,130.80,129.70,130.50,2474900,124.27
2006-10-24,131.90,132.00,129.60,130.70,1620500,124.46
2006-10-23,131.50,132.70,130.40,131.50,1011200,125.22
2006-10-20,131.40,132.00,129.60,130.60,1298900,124.37
2006-10-19,130.60,131.50,130.10,130.90,1598800,124.65
2006-10-18,130.50,132.40,130.50,131.50,1383100,125.22
2006-10-17,132.20,132.30,129.50,129.70,1750900,123.51
2006-10-16,132.60,132.70,131.50,132.50,1585800,126.18
2006-10-13,134.00,135.00,132.30,132.70,3448200,126.37
2006-10-12,130.00,137.80,129.90,135.10,9902700,128.65
2006-10-11,126.40,130.30,125.90,129.60,7477000,123.42
2006-10-10,125.60,126.70,125.60,126.50,4538500,120.46
2006-10-09,126.00,126.20,125.00,125.70,3124400,119.70
2006-10-06,127.10,128.40,126.20,126.60,4910700,120.56
2006-10-05,127.30,128.20,126.10,126.80,4585100,120.75
2006-10-04,123.80,126.20,123.40,125.90,4655100,119.89
2006-10-03,123.50,123.70,122.50,123.00,3178900,117.13
2006-10-02,125.30,125.30,123.40,124.00,4245400,118.08
2006-09-29,126.60,127.30,125.30,125.50,2587900,119.51
2006-09-28,124.50,127.00,123.70,126.30,3269200,120.27
2006-09-27,128.50,128.60,127.10,128.00,1453000,121.89
2006-09-26,127.90,128.80,127.30,127.70,1564200,121.61
2006-09-25,127.70,128.40,126.20,127.10,1180900,121.03
2006-09-22,127.60,127.90,126.40,127.10,1155600,121.03
2006-09-21,127.40,129.40,126.70,129.00,2134200,122.84
2006-09-20,124.60,128.30,124.10,127.60,1909900,121.51
2006-09-19,126.50,126.50,124.00,124.60,1712500,118.65
2006-09-18,127.00,127.40,125.40,126.50,1308400,120.46
2006-09-15,125.10,127.80,124.90,126.90,4362900,120.84
2006-09-14,124.30,125.80,124.00,124.50,1526400,118.56
2006-09-13,124.40,124.60,123.30,124.00,1523500,118.08
2006-09-12,121.50,124.00,120.20,123.40,2091900,117.51
2006-09-11,121.10,121.80,120.60,121.60,1025300,115.80
2006-09-08,123.00,123.50,121.50,121.90,1323700,116.08
2006-09-07,123.50,123.60,121.90,122.50,1573700,116.65
2006-09-06,126.10,126.50,123.30,123.80,1827700,117.89
2006-09-05,127.80,127.80,125.80,126.50,1163100,120.46
2006-09-04,125.90,128.30,125.60,127.80,1161800,121.70
2006-09-01,126.00,126.30,125.10,125.70,1182700,119.70
2006-08-31,127.30,127.30,125.50,126.00,1147700,119.99
2006-08-30,127.80,128.20,126.80,126.80,1046100,120.75
2006-08-29,127.40,128.50,126.60,127.60,1560100,121.51
2006-08-28,125.10,127.20,124.60,126.80,1043900,120.75
2006-08-25,125.20,126.10,124.60,125.30,650400,119.32
2006-08-24,124.30,125.40,123.10,124.90,1181900,118.94
2006-08-23,125.40,125.80,123.60,123.90,1187600,117.99
2006-08-22,126.50,126.80,124.20,125.50,1412600,119.51
2006-08-21,126.40,126.80,125.80,126.20,954700,120.18
2006-08-18,127.00,127.60,126.20,127.00,1447000,120.94
2006-08-17,127.20,127.40,125.90,126.90,1517000,120.84
2006-08-16,125.90,127.80,125.70,127.30,1780600,121.22
2006-08-15,123.60,126.00,123.10,125.60,1492600,119.61
2006-08-14,122.80,124.50,122.70,124.10,1005500,118.18
2006-08-11,122.70,123.80,121.80,122.00,1334400,116.18
2006-08-10,121.10,122.70,119.70,122.20,1636400,116.37
2006-08-09,120.30,122.90,118.60,122.30,2191400,116.46
2006-08-08,119.40,120.80,119.20,119.70,1072000,113.99
2006-08-07,119.50,120.20,118.40,118.90,1046400,113.23
2006-08-04,120.00,122.70,118.70,121.10,1808600,115.32
2006-08-03,120.30,121.70,118.10,118.90,2278400,113.23
2006-08-02,116.50,119.30,116.00,119.30,2687500,113.61
2006-08-01,116.50,117.40,115.00,115.90,1658200,110.37
2006-07-31,117.20,117.40,116.30,116.80,1046200,111.23
2006-07-28,114.80,117.40,114.50,117.00,1242500,111.42
2006-07-27,114.30,115.60,113.90,115.30,1462700,109.80
2006-07-26,113.00,114.20,112.60,113.40,1009700,107.99
2006-07-25,113.40,113.70,111.90,112.70,1245600,107.32
2006-07-24,111.70,113.90,111.10,113.20,1237100,107.80
2006-07-21,112.40,112.80,110.90,111.20,1676700,105.89
2006-07-20,113.60,114.20,112.60,112.80,1405200,107.42
2006-07-19,109.70,112.50,109.70,112.50,1927000,107.13
2006-07-18,109.50,111.10,108.70,109.50,1832000,104.27
2006-07-17,110.70,110.90,108.60,109.90,1987600,104.66
2006-07-14,111.50,112.40,110.50,110.60,1461800,105.32
2006-07-13,115.20,115.20,112.50,113.00,3620000,107.61
2006-07-12,116.80,117.70,116.00,116.20,1680700,110.65
2006-07-11,117.20,118.00,115.80,116.20,3619600,110.65
2006-07-10,115.90,117.80,115.10,117.30,2605000,111.70
2006-07-07,115.70,116.30,115.10,115.90,1030000,110.37
2006-07-06,115.60,116.40,114.80,115.90,3565000,110.37
2006-07-05,115.70,116.10,114.50,115.10,1781400,109.61
2006-07-04,116.50,116.50,115.20,116.40,756000,110.85
2006-07-03,115.00,116.60,114.50,116.00,2798000,110.46
2006-06-30,115.00,116.50,114.30,115.00,2514200,109.51
2006-06-29,111.10,112.80,110.50,112.70,1812400,107.32
2006-06-28,110.00,111.10,109.50,110.00,1731200,104.75
2006-06-27,111.50,111.80,109.70,110.60,1621400,105.32
2006-06-26,111.90,112.00,110.50,111.00,2460400,105.70
2006-06-23,111.30,111.70,109.60,110.50,1282500,105.23
2006-06-22,111.50,112.40,110.10,110.90,1719500,105.61
2006-06-21,109.90,110.50,108.90,110.00,1646400,104.75
2006-06-20,107.70,109.70,107.00,109.40,2431100,104.18
2006-06-19,108.90,110.00,107.90,108.40,1888200,103.23
2006-06-16,111.30,111.80,107.30,107.90,3845400,102.75
2006-06-15,105.90,109.20,105.90,108.70,2197200,103.51
2006-06-14,105.20,107.20,103.80,105.60,2367900,100.56
2006-06-13,105.10,105.70,103.60,104.70,3631100,99.70
2006-06-12,109.90,110.70,108.20,108.30,1714800,103.13
2006-06-09,110.60,110.70,109.20,110.30,1650700,105.04
2006-06-08,110.70,111.70,108.50,108.50,3804500,103.32
2006-06-07,114.10,115.40,112.70,114.10,2435300,108.65
2006-06-06,114.10,115.90,112.60,113.40,3127600,107.99
2006-06-05,122.00,122.00,119.70,120.00,1328100,109.99
2006-06-02,121.50,123.30,120.50,120.80,1915100,110.72
2006-06-01,119.90,120.90,118.40,120.20,2013900,110.17
2006-05-31,117.40,120.90,116.70,120.20,2334200,110.17
2006-05-30,123.70,124.00,118.20,118.40,3158700,108.52
2006-05-29,123.90,123.90,122.50,122.80,756500,112.55
2006-05-26,122.40,124.40,121.00,124.10,4268400,113.75
2006-05-25,119.50,121.60,119.10,121.30,1997700,111.18
2006-05-24,119.90,120.50,117.90,119.10,3336300,109.16
2006-05-23,120.00,121.80,117.70,121.10,3116500,111.00
2006-05-22,119.90,120.40,117.50,118.30,2865100,108.43
2006-05-19,116.70,121.20,116.20,120.20,3801000,110.17
2006-05-18,115.80,118.30,112.20,116.00,4225300,106.32
2006-05-17,119.50,120.40,113.80,114.50,2833300,104.95
2006-05-16,120.10,120.80,118.50,119.00,2191800,109.07
2006-05-15,121.10,121.80,119.80,119.80,2130900,109.80
2006-05-12,123.60,124.20,122.20,122.50,2031600,112.28
2006-05-11,123.90,126.70,123.70,124.80,2502700,114.39
2006-05-10,122.90,124.80,122.80,123.50,1664700,113.20
2006-05-09,123.50,123.70,122.20,123.10,966600,112.83
2006-05-08,124.00,124.70,123.10,123.50,1081300,113.20
2006-05-05,121.60,123.90,121.60,123.30,1911700,113.01
2006-05-04,121.50,122.10,120.60,121.00,1259500,110.90
2006-05-03,124.00,124.20,120.90,121.00,1607600,110.90
2006-05-02,120.80,122.70,120.60,122.50,1143200,112.28
2006-05-01,121.10,121.10,121.10,121.10,000,111.00
2006-04-28,122.10,122.80,121.10,121.10,1048500,111.00
2006-04-27,123.40,123.70,120.80,122.10,1733500,111.91
2006-04-26,121.60,123.00,121.50,122.80,1122400,112.55
2006-04-25,122.20,122.60,121.20,121.20,1105200,111.09
2006-04-24,122.40,122.80,121.40,121.60,1334500,111.45
2006-04-21,123.90,124.60,122.90,124.10,1611000,113.75
2006-04-20,121.10,123.90,121.10,123.40,1499900,113.10
2006-04-19,121.20,122.70,120.80,121.10,1974500,111.00
2006-04-18,119.70,119.90,117.80,119.10,1245300,109.16
2006-04-17,119.40,119.40,119.40,119.40,000,109.44
2006-04-14,119.40,119.40,119.40,119.40,000,109.44
2006-04-13,119.20,120.40,117.90,119.40,1071200,109.44
2006-04-12,117.50,120.00,117.20,118.70,1868100,108.80
2006-04-11,119.80,120.10,117.50,118.40,2127400,108.52
2006-04-10,120.40,120.50,119.20,120.20,1077300,110.17
2006-04-07,122.50,122.90,120.20,120.20,1590700,110.17
2006-04-06,123.40,123.70,121.60,122.70,1215200,112.46
2006-04-05,122.80,124.40,121.80,122.70,1819700,112.46
2006-04-04,123.90,123.90,122.40,122.60,1598800,112.37
2006-04-03,124.40,124.90,123.30,124.00,1282000,113.65
2006-03-31,125.50,125.50,123.00,124.10,1457100,113.75
2006-03-30,123.80,125.00,123.20,124.40,1225200,114.02
2006-03-29,123.10,124.20,122.80,123.50,841700,113.20
2006-03-28,124.50,125.10,122.70,123.30,1157300,113.01
2006-03-27,125.20,125.50,123.80,123.90,1054700,113.56
2006-03-24,124.60,125.60,124.00,125.50,923800,115.03
2006-03-23,124.50,125.60,123.70,125.30,1375300,114.85
2006-03-22,122.80,124.60,122.20,124.40,1705400,114.02
2006-03-21,125.00,125.00,122.50,124.80,1634200,114.39
2006-03-20,125.80,126.60,124.30,124.40,1518400,114.02
2006-03-17,124.90,126.30,124.10,125.00,1832200,114.57
2006-03-16,126.00,126.50,124.80,125.40,1487400,114.94
2006-03-15,123.10,125.60,123.00,125.00,2283300,114.57
2006-03-14,122.10,123.40,121.40,122.30,1473800,112.10
2006-03-13,121.50,123.70,121.20,122.40,2510400,112.19
2006-03-10,115.50,120.00,114.80,120.00,2937800,109.99
2006-03-09,114.00,115.30,113.80,114.50,2137700,104.95
2006-03-08,116.30,116.30,112.90,113.10,2650000,103.66
2006-03-07,116.10,116.10,113.80,115.50,2023900,105.86
2006-03-06,118.00,118.20,116.40,116.90,1507700,107.15
2006-03-03,118.00,118.20,116.20,117.00,1770200,107.24
2006-03-02,119.50,119.90,116.00,118.00,1702200,108.15
2006-03-01,119.10,120.00,118.20,119.90,1110200,109.90
2006-02-28,121.90,121.90,118.80,118.90,1637500,108.98
2006-02-27,121.70,122.10,120.40,121.30,1381800,111.18
2006-02-24,120.00,120.70,119.20,120.60,1077900,110.54
2006-02-23,120.00,121.30,119.70,120.50,1768400,110.45
2006-02-22,118.70,120.00,118.20,119.90,1277200,109.90
2006-02-21,118.50,119.50,117.70,118.80,1637600,108.89
2006-02-20,118.20,118.50,117.50,118.20,677100,108.34
2006-02-17,118.80,119.30,117.90,118.60,1928300,108.70
2006-02-16,117.40,118.00,115.40,118.00,3116500,108.15
2006-02-15,115.00,115.10,112.30,113.50,2781200,104.03
2006-02-14,114.20,115.60,114.10,114.90,3085100,105.31
2006-02-13,111.60,113.70,110.90,113.50,1773800,104.03
2006-02-10,111.80,113.20,111.10,111.10,1136300,101.83
2006-02-09,111.00,112.70,110.80,112.20,1687900,102.84
2006-02-08,109.90,110.50,108.70,110.00,1075400,100.82
2006-02-07,110.10,110.70,109.10,110.30,1555100,101.10
2006-02-06,109.80,111.10,109.30,109.70,1420000,100.55
2006-02-03,109.40,110.20,108.10,109.20,1500100,100.09
2006-02-02,111.00,111.60,109.40,109.40,1677400,100.27
2006-02-01,108.00,111.00,107.70,110.90,1822200,101.65
2006-01-31,108.40,109.40,107.80,108.70,1460300,99.63
2006-01-30,108.70,108.90,107.60,108.00,1154200,98.99
2006-01-27,108.40,109.30,107.90,109.10,2083000,100.00
2006-01-26,104.40,107.90,104.30,107.90,3245300,98.90
2006-01-25,102.70,103.90,102.30,103.80,2123500,95.14
2006-01-24,102.30,102.40,101.20,101.50,2172000,93.03
2006-01-23,102.30,102.50,101.00,102.30,3091500,93.76
2006-01-20,105.30,105.80,103.30,103.30,1813400,94.68
2006-01-19,104.40,105.20,104.20,104.60,1710300,95.87
2006-01-18,103.60,104.80,103.10,103.70,2229800,95.05
2006-01-17,105.60,105.80,105.00,105.20,1630400,96.42
2006-01-16,106.90,106.90,105.90,106.60,1051700,97.71
2006-01-13,107.90,108.20,106.50,107.10,2071800,98.16
2006-01-12,108.00,109.00,107.70,108.20,1369200,99.17
2006-01-11,106.90,107.90,106.20,107.90,1558600,98.90
2006-01-10,106.20,106.50,105.30,106.00,1485400,97.16
2006-01-09,106.70,107.60,106.10,106.50,1935700,97.61
2006-01-06,105.90,107.30,105.90,106.90,1603200,97.98
2006-01-05,105.80,106.40,105.20,105.90,1913500,97.06
2006-01-04,105.00,106.30,104.60,106.00,1884500,97.16
2006-01-03,103.80,104.70,103.40,103.80,1845000,95.14
2006-01-02,103.90,104.20,102.90,103.50,896200,94.86
2005-12-30,104.50,104.70,103.20,103.90,898500,95.23
2005-12-29,105.00,105.60,104.30,104.90,818200,96.15
2005-12-28,105.20,105.80,104.80,105.00,665500,96.24
2005-12-27,105.50,106.30,105.50,105.70,445100,96.88
2005-12-26,105.90,105.90,105.90,105.90,000,97.06
2005-12-23,105.20,106.00,105.10,105.90,608300,97.06
2005-12-22,105.40,106.00,104.60,105.40,929600,96.61
2005-12-21,103.90,105.70,103.90,105.20,1414100,96.42
2005-12-20,103.90,104.40,103.50,103.80,1208400,95.14
2005-12-19,104.30,104.90,103.90,104.10,1470500,95.41
2005-12-16,103.50,105.40,103.40,104.50,4427800,95.78
2005-12-15,103.50,103.80,102.70,103.40,1328400,94.77
2005-12-14,103.80,104.20,103.00,103.40,1714000,94.77
2005-12-13,103.30,103.90,102.60,103.50,1411000,94.86
2005-12-12,102.20,103.60,102.20,103.20,1396600,94.59
2005-12-09,102.00,102.40,101.40,102.10,833900,93.58
2005-12-08,102.30,103.00,101.80,102.50,1805500,93.95
2005-12-07,102.90,103.60,102.50,102.90,1039600,94.31
2005-12-06,102.40,103.80,102.00,103.20,1272100,94.59
2005-12-05,102.60,102.90,101.60,102.10,1149600,93.58
2005-12-02,103.10,103.40,102.50,102.80,922400,94.22
2005-12-01,101.00,102.90,101.00,102.80,1596300,94.22
2005-11-30,102.00,102.30,100.90,101.10,3014000,92.66
2005-11-29,102.10,102.50,101.20,102.00,1243200,93.49
2005-11-28,102.60,103.00,101.70,101.80,1837700,93.31
2005-11-25,102.20,102.40,101.60,101.90,784800,93.40
2005-11-24,101.50,102.20,101.10,102.20,1103300,93.67
2005-11-23,101.60,101.90,101.10,101.80,1014400,93.31
2005-11-22,101.10,101.20,100.40,100.70,907100,92.30
2005-11-21,100.30,101.50,99.55,100.80,1095000,92.39
2005-11-18,100.20,101.00,99.70,100.20,2071200,91.84
2005-11-17,100.00,100.50,98.85,99.35,2236500,91.06
2005-11-16,99.35,100.30,99.30,100.00,1969700,91.66
2005-11-15,99.90,100.60,99.15,99.75,1591300,91.43
2005-11-14,99.80,100.60,99.35,100.20,1383200,91.84
2005-11-11,99.85,100.60,99.55,100.00,1657500,91.66
2005-11-10,97.95,99.30,97.55,98.80,1618900,90.56
2005-11-09,97.60,98.00,97.30,97.30,1416900,89.18
2005-11-08,98.05,98.45,97.10,97.40,1783600,89.27
2005-11-07,97.70,98.30,97.05,97.65,1019600,89.50
2005-11-04,97.50,97.85,97.00,97.70,1296000,89.55
2005-11-03,96.55,98.40,96.30,98.00,2007900,89.82
2005-11-02,95.75,96.55,95.45,96.20,2350800,88.17
2005-11-01,95.45,96.60,95.20,96.00,1620600,87.99
2005-10-31,94.20,95.25,93.85,95.25,2261100,87.30
2005-10-28,92.50,93.00,91.60,92.50,1468600,84.78
2005-10-27,92.95,93.90,92.70,92.70,2294900,84.97
2005-10-26,92.20,93.60,92.15,93.40,1978200,85.61
2005-10-25,93.25,93.25,92.00,92.00,1473000,84.32
2005-10-24,91.40,92.60,91.15,92.50,1055500,84.78
2005-10-21,91.45,92.50,91.15,91.15,2401900,83.55
2005-10-20,92.20,93.20,91.85,92.20,2113100,84.51
2005-10-19,92.65,93.35,90.90,91.05,3328100,83.45
2005-10-18,94.60,94.75,93.30,93.65,2063400,85.84
2005-10-17,94.75,95.05,94.15,94.60,1356000,86.71
2005-10-14,93.05,94.70,92.75,94.50,2299300,86.62
2005-10-13,94.10,94.40,92.75,93.30,2177900,85.52
2005-10-12,94.55,95.15,94.15,94.45,1489300,86.57
2005-10-11,94.90,95.80,94.75,95.15,3154800,87.21
2005-10-10,94.65,95.35,94.60,94.85,1166300,86.94
2005-10-07,94.25,94.80,93.75,94.55,3279200,86.66
2005-10-06,94.50,95.10,94.00,94.25,2736600,86.39
2005-10-05,96.20,96.80,95.75,95.75,1464600,87.76
2005-10-04,96.35,96.80,95.50,96.70,1452100,88.63
2005-10-03,94.95,96.05,94.95,96.00,1287800,87.99
2005-09-30,95.05,95.25,94.70,94.95,1249900,87.03
2005-09-29,94.50,95.00,93.75,94.05,1056000,86.20
2005-09-28,93.75,95.15,93.60,94.80,1912500,86.89
2005-09-27,93.10,93.60,92.75,93.20,1067300,85.42
2005-09-26,91.95,93.95,91.95,93.65,2412600,85.84
2005-09-23,90.15,90.75,89.60,90.70,1072400,83.13
2005-09-22,89.95,90.25,89.30,90.00,1422900,82.49
2005-09-21,91.05,91.35,90.10,90.45,1748400,82.90
2005-09-20,91.30,92.00,91.00,91.90,1483700,84.23
2005-09-19,90.50,91.00,89.15,90.90,1080300,83.32
2005-09-16,90.55,91.50,90.40,91.15,1712700,83.55
2005-09-15,90.60,91.00,90.20,90.50,1843800,82.95
2005-09-14,90.80,91.55,90.65,91.00,1425900,83.41
2005-09-13,91.15,91.45,90.20,90.50,1696900,82.95
2005-09-12,91.20,92.45,90.95,91.30,1275700,83.68
2005-09-09,91.15,91.80,90.90,91.15,1013500,83.55
2005-09-08,90.65,91.70,90.50,91.10,1519100,83.50
2005-09-07,91.00,91.85,90.65,90.70,2700100,83.13
2005-09-06,89.35,90.95,89.25,90.75,2498100,83.18
2005-09-05,87.65,89.15,87.65,88.80,1635600,81.39
2005-09-02,87.20,87.65,86.70,87.55,1548700,80.25
2005-09-01,88.00,88.15,86.80,87.25,1519500,79.97
2005-08-31,86.70,87.70,86.50,87.55,1835400,80.25
2005-08-30,86.90,87.35,86.40,86.50,2001200,79.28
2005-08-29,84.80,86.40,84.15,86.40,1759800,79.19
2005-08-26,86.10,86.60,85.05,85.10,1751900,78.00
2005-08-25,86.85,86.85,85.70,86.10,2620100,78.92
2005-08-24,87.85,87.90,86.85,87.50,1438600,80.20
2005-08-23,89.00,89.00,87.75,87.85,1266000,80.52
2005-08-22,89.10,89.30,88.85,89.00,544100,81.57
2005-08-19,88.15,89.10,87.65,88.90,1300900,81.48
2005-08-18,88.30,88.65,87.60,87.80,1116400,80.47
2005-08-17,88.85,88.90,88.00,88.45,1220300,81.07
2005-08-16,89.35,89.45,88.40,88.90,1141500,81.48
2005-08-15,88.90,89.45,88.65,88.90,492900,81.48
2005-08-12,89.75,90.00,88.85,89.00,1057700,81.57
2005-08-11,89.80,90.25,89.40,90.10,1245200,82.58
2005-08-10,89.80,90.35,89.60,90.35,1403500,82.81
2005-08-09,88.50,89.65,88.40,89.50,1487900,82.03
2005-08-08,88.60,89.10,88.35,88.50,1113500,81.12
2005-08-05,88.25,89.50,88.15,88.20,2074900,80.84
2005-08-04,90.60,90.85,87.80,89.00,5063600,81.57
2005-08-03,91.70,92.35,91.00,91.20,1627100,83.59
2005-08-02,90.55,92.35,90.50,92.00,1901500,84.32
2005-08-01,90.40,91.65,90.15,91.05,1604600,83.45
2005-07-29,90.55,91.20,89.70,90.25,1558400,82.72
2005-07-28,90.80,91.10,90.35,90.75,1336600,83.18
2005-07-27,90.65,91.10,90.20,90.40,976200,82.86
2005-07-26,90.45,90.95,90.10,90.35,846500,82.81
2005-07-25,90.75,91.00,90.30,90.30,1195200,82.77
2005-07-22,91.35,91.65,90.05,90.35,1591300,82.81
2005-07-21,89.50,91.70,89.50,91.25,3837400,83.64
2005-07-20,89.15,89.70,88.75,89.15,1685600,81.71
2005-07-19,87.75,89.15,87.55,89.15,2674300,81.71
2005-07-18,87.50,87.90,87.20,87.40,1323300,80.11
2005-07-15,87.20,88.00,86.90,87.35,1344200,80.06
2005-07-14,86.75,87.75,86.35,87.20,1294800,79.92
2005-07-13,85.95,86.55,85.70,86.50,1629200,79.28
2005-07-12,85.60,86.15,85.25,85.85,1157400,78.69
2005-07-11,84.90,86.15,84.75,85.90,2097400,78.73
2005-07-08,84.10,84.35,83.40,84.35,1592700,77.31
2005-07-07,84.15,84.20,80.10,83.10,8874300,76.17
2005-07-06,84.90,85.00,84.20,84.40,1258200,77.36
2005-07-05,84.55,84.80,84.00,84.80,1032900,77.72
2005-07-04,84.90,85.00,84.25,84.60,850800,77.54
2005-07-01,84.35,85.00,83.80,85.00,1383000,77.91
2005-06-30,83.60,84.45,83.20,84.15,1241900,77.13
2005-06-29,83.65,84.30,83.15,83.85,1321700,76.85
2005-06-28,82.20,83.30,82.00,83.05,1525400,76.12
2005-06-27,83.10,83.15,81.75,82.05,1958100,75.20
2005-06-24,83.80,83.95,83.10,83.45,1282700,76.49
2005-06-23,84.55,84.65,84.05,84.50,866900,77.45
2005-06-22,83.85,84.85,83.85,84.30,1723900,77.27
2005-06-21,83.30,84.00,83.20,83.85,1236800,76.85
2005-06-20,83.80,84.20,82.90,83.25,1957600,76.30
2005-06-17,83.90,84.90,83.60,84.40,2523800,77.36
2005-06-16,83.90,83.95,83.05,83.65,1554800,76.67
2005-06-15,83.00,83.95,83.00,83.40,1836100,76.44
2005-06-14,82.85,83.15,82.65,83.00,1242900,76.08
2005-06-13,82.90,83.10,82.40,83.10,1176500,76.17
2005-06-10,82.60,82.95,82.35,82.75,1020200,75.85
2005-06-09,81.85,82.55,81.70,82.25,1502700,75.39
2005-06-08,82.55,82.80,82.00,82.15,1706700,75.30
2005-06-07,81.40,82.80,81.10,82.80,2315300,75.89
2005-06-06,81.00,81.55,80.75,81.00,1212900,74.24
2005-06-03,81.60,81.60,81.60,81.60,000,74.79
2005-06-02,80.65,82.05,80.65,81.60,2089800,74.79
2005-06-01,80.00,81.25,79.85,81.25,1702000,74.47
2005-05-31,80.30,80.90,79.70,79.85,1975300,73.19
2005-05-30,79.75,80.60,79.10,80.40,1660000,73.69
2005-05-27,83.00,83.40,82.50,83.40,1699100,73.42
2005-05-26,81.20,83.25,81.20,83.05,5869600,73.11
2005-05-25,82.05,82.45,80.95,81.30,4032900,71.57
2005-05-24,80.85,81.10,80.45,80.90,2173700,71.22
2005-05-23,79.80,81.40,79.65,80.80,2461500,71.13
2005-05-20,79.50,79.80,79.15,79.40,1374500,69.90
2005-05-19,78.90,79.80,78.90,79.55,1118100,70.03
2005-05-18,78.10,79.05,77.90,78.85,1955500,69.41
2005-05-17,78.00,78.00,77.15,77.60,1182700,68.31
2005-05-16,77.60,78.05,77.35,77.65,981200,68.36
2005-05-13,77.50,78.10,77.20,78.10,1255600,68.75
2005-05-12,77.75,78.75,77.55,77.90,3100100,68.58
2005-05-11,77.60,78.20,76.30,76.55,3391600,67.39
2005-05-10,79.00,79.65,77.70,78.05,1747400,68.71
2005-05-09,79.55,79.55,78.85,79.10,1165300,69.63
2005-05-06,79.45,79.90,79.10,79.40,1339300,69.90
2005-05-05,78.95,79.60,78.55,79.40,1137900,69.90
2005-05-04,78.60,78.85,77.45,78.85,1834400,69.41
2005-05-03,78.45,78.65,77.75,78.55,1263800,69.15
2005-05-02,77.60,78.50,77.15,78.15,1277500,68.80
2005-04-29,76.50,77.55,76.40,76.90,1640200,67.70
2005-04-28,77.35,78.10,76.80,77.30,2053200,68.05
2005-04-27,78.00,78.50,76.75,77.20,1982700,67.96
2005-04-26,78.25,78.60,78.05,78.40,1677100,69.02
2005-04-25,78.25,79.00,78.25,78.50,1530000,69.10
2005-04-22,78.05,79.00,78.05,78.60,1409100,69.19
2005-04-21,77.85,78.65,77.40,77.60,1786300,68.31
2005-04-20,79.20,79.40,78.00,78.10,1957400,68.75
2005-04-19,78.45,79.35,78.40,78.90,2049600,69.46
2005-04-18,78.75,78.95,77.75,78.25,2987600,68.88
2005-04-15,80.70,80.85,79.65,79.65,2803900,70.12
2005-04-14,81.35,82.05,81.10,81.40,1878000,71.66
2005-04-13,81.80,82.35,81.70,81.95,2133400,72.14
2005-04-12,81.25,81.50,80.85,81.20,3511200,71.48
2005-04-11,80.25,81.60,80.25,81.30,4389200,71.57
2005-04-08,80.65,81.30,80.40,80.65,1252200,71.00
2005-04-07,80.25,80.95,80.15,80.60,1609900,70.95
2005-04-06,80.05,80.55,79.90,80.20,1509900,70.60
2005-04-05,79.85,80.25,79.70,79.80,1093700,70.25
2005-04-04,79.30,79.75,78.85,79.35,1648000,69.85
2005-04-01,79.95,80.45,79.50,79.95,1385600,70.38
2005-03-31,80.15,80.80,80.15,80.15,1908600,70.56
2005-03-30,79.80,80.25,79.50,80.00,1676800,70.42
2005-03-29,80.00,80.50,79.60,80.25,1851800,70.64
2005-03-28,80.30,80.30,80.30,80.30,000,70.69
2005-03-25,80.30,80.30,80.30,80.30,000,70.69
2005-03-24,79.80,80.85,79.55,80.30,1769800,70.69
2005-03-23,79.05,79.80,78.70,79.70,1591700,70.16
2005-03-22,79.45,79.70,78.60,79.55,1757000,70.03
2005-03-21,79.55,80.00,79.30,79.55,1539800,70.03
2005-03-18,79.55,80.10,79.45,79.95,2146000,70.38
2005-03-17,79.30,79.70,78.40,79.65,1933300,70.12
2005-03-16,80.35,80.85,79.15,79.20,3153900,69.72
2005-03-15,80.25,81.10,80.25,80.70,1922500,71.04
2005-03-14,79.95,80.20,79.70,80.00,1402600,70.42
2005-03-11,79.75,80.30,79.65,80.00,1908800,70.42
2005-03-10,78.50,79.65,78.30,79.15,1765500,69.68
2005-03-09,79.75,80.05,78.60,78.75,1994100,69.32
2005-03-08,79.40,79.85,79.30,79.45,1497000,69.94
2005-03-07,79.60,79.95,79.30,79.70,1122700,70.16
2005-03-04,79.25,79.60,78.85,79.55,2176800,70.03
2005-03-03,79.30,79.65,78.60,79.20,1661100,69.72
2005-03-02,80.10,80.30,78.95,79.50,2130700,69.98
2005-03-01,79.80,80.70,79.50,80.20,1661400,70.60
2005-02-28,80.60,80.60,79.80,79.80,1842900,70.25
2005-02-25,79.00,80.10,79.00,79.90,1609000,70.34
2005-02-24,79.10,79.20,78.70,78.95,965900,69.50
2005-02-23,79.20,79.30,78.25,79.20,2149700,69.72
2005-02-22,79.45,79.80,78.80,79.70,1395800,70.16
2005-02-21,80.55,80.80,79.30,79.50,1211000,69.98
2005-02-18,80.10,81.00,79.90,80.65,1720200,71.00
2005-02-17,80.35,80.85,80.00,80.15,1269400,70.56
2005-02-16,81.05,81.10,79.80,80.50,1830700,70.86
2005-02-15,80.80,81.20,79.90,81.20,1508400,71.48
2005-02-14,81.40,81.80,80.45,80.70,1635900,71.04
2005-02-11,80.20,81.60,80.05,81.60,3076900,71.83
2005-02-10,78.60,80.15,78.25,79.70,4887000,70.16
2005-02-09,77.60,77.60,76.50,76.90,1312600,67.70
2005-02-08,77.35,77.75,77.05,77.35,1185100,68.09
2005-02-07,77.50,77.55,77.00,77.55,1497200,68.27
2005-02-04,76.45,77.30,76.20,77.30,1772200,68.05
2005-02-03,77.35,77.70,76.25,76.50,1975300,67.34
2005-02-02,76.70,77.45,76.70,77.40,1522200,68.14
2005-02-01,76.70,76.85,76.20,76.65,1395300,67.47
2005-01-31,76.00,76.65,75.80,76.40,1191100,67.25
2005-01-28,76.75,76.75,75.35,75.55,1096800,66.51
2005-01-27,76.50,76.55,75.60,76.50,1423700,67.34
2005-01-26,76.80,77.00,76.10,76.25,1121900,67.12
2005-01-25,76.45,77.20,76.30,77.00,1036400,67.78
2005-01-24,76.25,76.55,75.80,76.40,1292900,67.25
2005-01-21,76.00,76.90,76.00,76.60,1061000,67.43
2005-01-20,77.00,77.00,76.35,76.50,1314200,67.34
2005-01-19,77.70,78.00,77.15,77.35,1324900,68.09
2005-01-18,77.55,77.70,76.65,77.45,1903600,68.18
2005-01-17,77.35,78.15,77.10,77.85,1034500,68.53
2005-01-14,75.95,77.50,75.85,77.10,1526100,67.87
2005-01-13,76.70,76.70,75.95,76.20,1378800,67.08
2005-01-12,76.65,76.80,75.65,76.25,1417900,67.12
2005-01-11,77.50,77.75,76.45,76.85,2044700,67.65
2005-01-10,78.10,78.35,77.50,77.65,1422200,68.36
2005-01-07,76.40,78.60,76.20,77.95,3894700,68.62
2005-01-06,74.80,76.35,74.65,76.20,2291300,67.08
2005-01-05,75.00,75.70,74.80,74.80,1437800,65.85
2005-01-04,74.50,75.65,74.30,75.55,1578700,66.51
2005-01-03,74.60,75.65,74.25,74.70,1195000,65.76
2004-12-31,74.35,74.45,73.90,74.45,456500,65.54
2004-12-30,74.80,74.85,74.35,74.45,302400,65.54
2004-12-29,74.80,74.90,74.45,74.70,507300,65.76
2004-12-28,74.55,74.70,74.20,74.60,368500,65.67
2004-12-27,74.50,74.80,74.50,74.50,649700,65.58
2004-12-24,74.65,74.70,74.35,74.70,152100,65.76
2004-12-23,74.15,74.75,74.00,74.70,1240100,65.76
2004-12-22,74.25,74.55,73.95,74.15,1464400,65.27
2004-12-21,73.90,74.05,73.50,73.65,1077800,64.83
2004-12-20,73.25,74.20,73.20,74.00,1336400,65.14
2004-12-17,74.65,74.85,73.10,73.20,2648500,64.44
2004-12-16,74.25,74.85,74.25,74.65,1545200,65.71
2004-12-15,75.40,75.40,74.20,74.25,2012700,65.36
2004-12-14,75.25,75.35,74.75,75.20,2009200,66.20
2004-12-13,74.30,75.25,74.10,74.75,2081100,65.80
2004-12-10,73.85,74.10,73.55,73.95,1261500,65.10
2004-12-09,73.55,74.25,72.80,73.35,1921400,64.57
2004-12-08,73.40,74.40,73.05,73.90,1420300,65.05
2004-12-07,73.70,74.50,73.30,73.95,1352600,65.10
2004-12-06,73.60,73.95,73.40,73.55,855900,64.75
2004-12-03,74.60,75.05,73.55,74.05,1913300,65.19
2004-12-02,74.45,74.95,74.10,74.50,2097100,65.58
2004-12-01,72.65,74.15,72.40,73.75,1741200,64.92
2004-11-30,73.30,73.40,72.10,72.65,2020300,63.95
2004-11-29,73.70,74.75,73.15,73.20,1549400,64.44
2004-11-26,73.55,73.90,73.25,73.65,645600,64.83
2004-11-25,73.25,74.05,73.15,73.80,1324900,64.97
2004-11-24,73.65,73.65,72.60,73.00,1444900,64.26
2004-11-23,73.50,73.80,72.70,72.85,1177900,64.13
2004-11-22,72.75,73.15,72.55,73.00,1697900,64.26
2004-11-19,75.25,75.50,72.80,73.00,5308300,64.26
2004-11-18,75.20,75.55,74.70,75.05,1717200,66.07
2004-11-17,75.00,75.50,74.55,75.45,2379900,66.42
2004-11-16,75.25,75.30,74.10,74.65,2534700,65.71
2004-11-15,75.15,75.45,74.80,75.10,1288000,66.11
2004-11-12,75.35,75.50,74.80,75.00,1694400,66.02
2004-11-11,74.20,75.40,73.85,75.15,2375400,66.15
2004-11-10,74.35,74.85,74.05,74.40,2612900,65.49
2004-11-09,74.15,74.40,73.30,73.95,2141400,65.10
2004-11-08,73.40,74.05,73.20,73.90,1436200,65.05
2004-11-05,74.00,74.40,72.80,73.45,1774300,64.66
2004-11-04,73.30,73.70,72.75,73.35,1557300,64.57
2004-11-03,73.95,74.35,73.70,73.80,1808600,64.97
2004-11-02,73.25,73.70,72.95,73.50,1910300,64.70
2004-11-01,72.60,73.55,72.40,73.25,941600,64.48
2004-10-29,73.05,73.50,72.65,72.70,1492800,64.00
2004-10-28,72.55,73.65,72.35,73.00,1465100,64.26
2004-10-27,71.80,72.70,71.45,72.25,1974400,63.60
2004-10-26,71.20,71.65,71.05,71.30,1075500,62.77
2004-10-25,72.10,72.30,71.05,71.20,2142500,62.68
2004-10-22,73.20,73.75,72.55,73.30,1557600,64.53
2004-10-21,72.85,73.05,71.50,72.80,2111200,64.09
2004-10-20,72.00,72.30,71.20,72.05,2338900,63.43
2004-10-19,72.25,73.75,72.25,72.60,2544800,63.91
2004-10-18,72.20,72.40,71.45,71.80,1211700,63.21
2004-10-15,71.75,72.25,71.10,72.05,1159500,63.43
2004-10-14,72.20,72.75,71.80,72.20,1679700,63.56
2004-10-13,72.95,73.75,72.45,72.55,1285300,63.87
2004-10-12,72.85,73.00,72.00,72.70,948100,64.00
2004-10-11,73.30,73.35,72.55,73.05,1370200,64.31
2004-10-08,73.15,74.05,72.55,73.40,2133300,64.61
2004-10-07,74.10,74.50,73.15,73.45,1545800,64.66
2004-10-06,74.10,74.40,73.40,74.10,1530300,65.23
2004-10-05,73.95,74.60,73.65,74.10,1832200,65.23
2004-10-04,73.50,74.55,73.50,73.95,2165400,65.10
2004-10-01,71.50,73.40,71.50,73.10,2076700,64.35
2004-09-30,72.65,73.20,71.05,71.25,3362100,62.72
2004-09-29,71.65,72.90,71.65,72.20,1884700,63.56
2004-09-28,71.15,71.85,70.80,71.55,1175700,62.99
2004-09-27,71.80,71.80,70.85,71.30,1098200,62.77
2004-09-24,71.45,71.75,70.95,71.65,1519600,63.07
2004-09-23,72.65,72.90,71.10,71.85,3722200,63.25
2004-09-22,73.45,74.05,72.70,73.10,2198000,64.35
2004-09-21,72.70,73.75,72.50,73.50,2103700,64.70
2004-09-20,72.70,73.00,71.95,72.70,1270300,64.00
2004-09-17,72.20,73.55,71.90,73.05,3351200,64.31
2004-09-16,71.95,72.40,71.70,72.20,1422600,63.56
2004-09-15,71.70,72.10,71.60,71.90,1959900,63.29
2004-09-14,71.55,71.85,71.25,71.65,1417300,63.07
2004-09-13,70.90,71.80,70.90,71.80,1313800,63.21
2004-09-10,70.60,71.10,70.40,70.80,1238500,62.33
2004-09-09,71.00,71.00,70.20,70.50,1471600,62.06
2004-09-08,71.40,71.80,71.10,71.15,1375300,62.63
2004-09-07,71.55,71.70,71.25,71.60,1077600,63.03
2004-09-06,71.25,71.70,71.05,71.35,834700,62.81
2004-09-03,70.35,71.40,69.60,71.10,1527300,62.59
2004-09-02,70.05,70.60,69.60,70.40,1113000,61.97
2004-09-01,70.25,70.60,69.70,70.00,1916700,61.62
2004-08-31,70.35,70.85,69.80,70.20,2678100,61.80
2004-08-30,70.85,71.00,70.55,70.65,809400,62.19
2004-08-27,70.55,70.95,70.15,70.80,921600,62.33
2004-08-26,70.50,70.55,70.15,70.50,986300,62.06
2004-08-25,69.85,70.35,69.60,69.80,978000,61.44
2004-08-24,70.00,70.35,69.55,69.90,1035100,61.53
2004-08-23,68.85,70.00,68.75,69.95,1258500,61.58
2004-08-20,68.75,68.85,67.65,68.50,792200,60.30
2004-08-19,68.80,69.30,68.35,68.65,1421100,60.43
2004-08-18,67.90,68.70,67.50,68.50,998500,60.30
2004-08-17,67.85,68.65,67.25,68.00,1756800,59.86
2004-08-16,66.70,68.20,66.50,67.70,1779700,59.60
2004-08-13,66.35,67.40,66.05,66.90,1337100,58.89
2004-08-12,66.95,67.95,66.20,66.95,2013300,58.94
2004-08-11,67.20,67.45,65.90,66.65,1791000,58.67
2004-08-10,65.55,67.40,65.50,66.90,1832600,58.89
2004-08-09,65.85,66.10,64.80,65.60,1636400,57.75
2004-08-06,67.00,67.85,65.50,65.80,2217700,57.92
2004-08-05,67.45,68.55,67.45,67.95,1428700,59.82
2004-08-04,67.30,67.55,66.55,67.10,2333300,59.07
2004-08-03,68.45,68.65,67.50,67.85,1958900,59.73
2004-08-02,67.50,68.15,66.85,68.00,1987100,59.86
2004-07-30,67.90,68.75,67.40,68.20,1702200,60.04
2004-07-29,67.00,68.00,67.00,67.95,1427000,59.82
2004-07-28,67.20,67.70,66.60,66.65,1780900,58.67
2004-07-27,65.40,66.85,65.30,66.60,1499300,58.63
2004-07-26,65.85,66.45,65.15,65.15,1649600,57.35
2004-07-23,65.60,66.00,65.15,65.60,2016200,57.75
2004-07-22,66.45,66.45,65.25,65.40,1721900,57.57
2004-07-21,67.65,67.90,66.65,67.00,1647000,58.98
2004-07-20,66.15,66.90,65.30,66.50,1349900,58.54
2004-07-19,66.10,66.95,65.35,66.10,1777300,58.19
2004-07-16,66.70,66.90,65.90,66.10,1365400,58.19
2004-07-15,67.95,68.00,66.30,66.50,2509300,58.54
2004-07-14,68.25,68.50,67.60,68.25,1680100,60.08
2004-07-13,69.10,69.35,68.55,68.70,1970600,60.48
2004-07-12,68.85,69.60,68.40,68.55,1209800,60.34
2004-07-09,67.80,69.20,67.50,69.20,1516400,60.92
2004-07-08,68.10,68.45,67.35,68.25,1733200,60.08
2004-07-07,68.35,69.20,68.05,68.30,1637900,60.12
2004-07-06,69.05,69.40,68.00,68.35,1585400,60.17
2004-07-05,69.00,69.45,68.90,69.20,808000,60.92
2004-07-02,68.70,69.10,68.55,68.90,1901600,60.65
2004-07-01,70.30,70.65,69.00,69.10,2050100,60.83
2004-06-30,71.00,71.00,69.85,69.85,1966800,61.49
2004-06-29,70.80,70.95,70.15,70.85,3175000,62.37
2004-06-28,70.85,71.75,70.65,71.40,1117600,62.85
2004-06-25,71.10,71.40,70.70,70.80,1355900,62.33
2004-06-24,72.30,72.60,70.75,71.20,2124800,62.68
2004-06-23,71.50,71.75,71.10,71.50,1585100,62.94
2004-06-22,71.85,71.85,70.55,70.85,2847300,62.37
2004-06-21,72.40,72.45,71.70,71.95,1238300,63.34
2004-06-18,71.45,72.25,71.25,72.25,2857700,63.60
2004-06-17,71.25,72.10,71.15,71.60,3037500,63.03
2004-06-16,71.30,71.90,71.05,71.30,1310200,62.77
2004-06-15,69.85,71.15,69.40,71.00,1672900,62.50
2004-06-14,70.95,71.15,69.75,69.95,1174400,61.58
2004-06-11,71.50,71.60,70.70,71.30,869500,62.77
2004-06-10,71.10,71.70,71.10,71.25,779600,62.72
2004-06-09,71.95,72.20,70.85,71.00,3128800,62.50
2004-06-08,71.90,72.00,71.35,71.60,1220500,63.03
2004-06-07,71.50,72.00,71.15,71.65,1036800,63.07
2004-06-04,70.35,71.80,70.25,71.40,2371700,62.85
2004-06-03,69.40,70.25,69.05,70.25,1177900,61.84
2004-06-02,69.80,70.25,69.25,69.35,2646300,61.05
2004-06-01,69.45,69.80,68.40,69.35,1955900,61.05
2004-05-31,69.35,69.90,69.10,69.60,355100,61.27
2004-05-28,70.75,70.90,69.30,69.40,2150900,61.09
2004-05-27,70.15,70.95,70.05,70.40,1876700,61.97
2004-05-26,70.00,70.30,69.55,70.00,2485700,61.62
2004-05-25,68.85,69.65,68.25,69.25,1350200,60.96
2004-05-24,68.60,69.90,68.60,69.45,1197200,61.14
2004-05-21,68.95,69.55,68.20,68.50,1210700,60.30
2004-05-20,67.95,68.85,67.55,68.55,976200,60.34
2004-05-19,68.35,69.45,68.30,68.60,4520600,60.39
2004-05-18,67.30,67.75,66.20,67.70,3431700,59.60
2004-05-17,67.55,68.80,66.15,68.75,4079500,58.32
2004-05-14,68.90,69.75,67.90,68.90,3947800,58.45
2004-05-13,67.90,69.15,67.50,69.05,6859900,58.57
2004-05-12,67.50,67.65,66.60,66.65,1924200,56.54
2004-05-11,65.40,67.50,65.40,67.30,3606100,57.09
2004-05-10,66.45,66.45,64.85,64.95,3796700,55.10
2004-05-07,68.95,69.25,66.65,67.85,3981300,57.56
2004-05-06,70.25,70.60,68.80,68.90,2097100,58.45
2004-05-05,69.85,71.10,69.85,70.70,1708900,59.97
2004-05-04,70.75,71.45,70.15,70.30,1732300,59.63
2004-05-03,69.30,70.70,69.10,70.60,921800,59.89
2004-04-30,69.75,70.75,69.25,69.50,2912800,58.96
2004-04-29,71.35,71.45,68.75,70.05,3295300,59.42
2004-04-28,72.85,72.85,71.30,71.30,2212900,60.48
2004-04-27,73.40,73.70,72.90,73.30,1101400,62.18
2004-04-26,73.60,74.60,73.35,73.45,2255800,62.31
2004-04-23,74.00,74.70,73.55,73.55,1475500,62.39
2004-04-22,73.05,73.40,71.95,73.25,1499600,62.14
2004-04-21,73.20,73.45,72.60,73.00,2625800,61.93
2004-04-20,72.95,74.30,72.80,73.50,1433400,62.35
2004-04-19,72.40,72.85,72.05,72.45,745800,61.46
2004-04-16,71.60,72.90,71.45,72.65,2460400,61.63
2004-04-15,72.00,72.75,71.40,71.60,1246900,60.74
2004-04-14,73.40,73.60,71.80,72.35,2321600,61.37
2004-04-13,73.95,74.50,73.85,74.00,1373800,62.77
2004-04-12,73.50,73.50,73.50,73.50,000,62.35
2004-04-09,73.50,73.50,73.50,73.50,000,62.35
2004-04-08,73.10,73.95,72.90,73.50,1526800,62.35
2004-04-07,73.00,73.85,72.15,72.15,1965600,61.20
2004-04-06,73.10,73.80,72.40,72.90,1922100,61.84
2004-04-05,72.80,73.75,72.45,73.45,1531600,62.31
2004-04-02,70.70,72.95,70.70,72.70,2058500,61.67
2004-04-01,69.95,71.20,69.65,71.05,1515300,60.27
2004-03-31,70.10,70.35,69.00,69.50,2270200,58.96
2004-03-30,69.65,69.65,68.85,69.55,1774800,59.00
2004-03-29,68.20,69.90,68.05,69.70,1393500,59.13
2004-03-26,68.90,69.30,67.80,68.20,2350400,57.85
2004-03-25,67.35,69.05,67.35,68.10,2854300,57.77
2004-03-24,67.25,68.20,65.65,66.85,2818400,56.71
2004-03-23,67.40,68.30,66.85,67.25,2658000,57.05
2004-03-22,68.55,68.65,66.50,67.80,2009400,57.51
2004-03-19,69.80,69.80,68.60,69.30,1588600,58.79
2004-03-18,70.10,70.60,68.85,69.10,1981600,58.62
2004-03-17,69.50,70.70,69.00,70.40,2245100,59.72
2004-03-16,67.80,69.90,67.10,69.00,2698000,58.53
2004-03-15,69.60,69.85,67.75,67.85,2100700,57.56
2004-03-12,68.25,69.60,66.75,69.60,2729900,59.04
2004-03-11,70.75,71.10,68.35,68.70,3538500,58.28
2004-03-10,70.65,72.00,70.25,71.65,1506700,60.78
2004-03-09,72.10,72.50,70.65,70.85,1568500,60.10
2004-03-08,72.95,73.10,72.55,72.60,842500,61.59
2004-03-05,73.10,73.60,71.60,72.85,4121300,61.80
2004-03-04,71.00,73.30,70.80,72.55,2288100,61.54
2004-03-03,71.45,71.95,70.70,70.95,2008600,60.19
2004-03-02,71.00,71.85,70.80,71.65,1763100,60.78
2004-03-01,71.70,72.20,70.35,70.75,1785100,60.02
2004-02-27,71.35,72.00,71.25,71.45,1261600,60.61
2004-02-26,71.25,71.75,70.75,71.20,1421600,60.40
2004-02-25,71.90,71.90,70.25,71.40,1694900,60.57
2004-02-24,72.05,72.05,70.90,71.65,2545000,60.78
2004-02-23,72.95,73.50,72.05,72.15,1424800,61.20
2004-02-20,73.60,73.70,72.30,72.50,1518500,61.50
2004-02-19,72.85,74.10,72.85,74.00,1688700,62.77
2004-02-18,73.60,74.05,72.85,73.00,1468100,61.93
2004-02-17,72.95,73.90,72.90,73.40,1401000,62.26
2004-02-16,72.50,73.10,72.20,73.05,885900,61.97
2004-02-13,72.75,73.20,71.80,72.55,2347700,61.54
2004-02-12,73.10,73.60,71.40,72.65,5848000,61.63
2004-02-11,74.20,75.30,73.60,74.90,1581700,63.54
2004-02-10,73.85,74.70,73.85,74.40,1107100,63.11
2004-02-09,73.25,74.60,73.20,74.15,1482300,62.90
2004-02-06,72.25,73.05,71.85,72.90,2062400,61.84
2004-02-05,72.25,73.30,71.90,72.50,2011800,61.50
2004-02-04,72.95,73.30,72.30,72.45,1347200,61.46
2004-02-03,73.75,73.95,72.35,72.90,1500900,61.84
2004-02-02,71.90,73.80,71.60,73.60,2106200,62.43
2004-01-30,72.65,72.70,71.20,71.20,1971200,60.40
2004-01-29,73.20,73.50,71.90,72.60,1898300,61.59
2004-01-28,73.45,74.90,73.45,74.05,2158600,62.82
2004-01-27,74.25,75.60,74.20,74.35,1288800,63.07
2004-01-26,74.15,74.50,73.55,74.25,1088600,62.99
2004-01-23,74.65,75.40,74.30,74.55,1224000,63.24
2004-01-22,74.20,75.20,74.15,74.65,1979200,63.32
2004-01-21,73.45,74.00,72.80,74.00,1294600,62.77
2004-01-20,74.00,74.60,73.30,73.45,1686300,62.31
2004-01-19,74.10,74.70,73.55,74.30,1285300,63.03
2004-01-16,73.25,74.50,73.15,74.20,2474100,62.94
2004-01-15,72.35,73.70,72.15,72.95,1801300,61.88
2004-01-14,72.10,72.65,71.55,72.00,2417200,61.08
2004-01-13,71.40,72.65,71.35,71.95,2562400,61.03
2004-01-12,72.00,72.40,70.65,71.00,1912500,60.23
2004-01-09,72.45,72.95,71.90,72.80,2160600,61.76
2004-01-08,72.00,72.40,71.45,72.10,1871600,61.16
2004-01-07,72.15,72.15,70.85,71.30,2063200,60.48
2004-01-06,71.50,72.25,71.05,72.00,1524000,61.08
2004-01-05,70.75,71.75,70.55,71.35,1274800,60.53
2004-01-02,70.10,71.10,69.90,70.95,885500,60.19
2004-01-01,70.00,70.00,70.00,70.00,000,59.38
2003-12-31,68.05,70.30,68.05,70.00,661400,59.38
2003-12-30,69.70,70.10,69.60,69.85,1417300,59.25
2003-12-29,69.20,69.70,69.10,69.45,695900,58.91
2003-12-26,69.00,69.00,69.00,69.00,000,58.53
2003-12-25,69.00,69.00,69.00,69.00,000,58.53
2003-12-24,68.95,69.40,68.85,69.00,386500,58.53
2003-12-23,69.65,69.95,68.90,69.00,1333000,58.53
2003-12-22,69.00,69.90,68.90,69.35,1213400,58.83
2003-12-19,69.90,69.90,68.90,69.80,1666900,59.21
2003-12-18,68.30,69.55,68.15,69.30,1361900,58.79
2003-12-17,69.70,69.70,68.25,68.65,1746500,58.24
2003-12-16,68.85,69.80,68.65,69.40,1351400,58.87
2003-12-15,69.70,69.85,69.10,69.25,1471900,58.74
2003-12-12,68.85,69.75,67.95,68.55,1182600,58.15
2003-12-11,68.35,68.85,67.85,68.65,1628000,58.24
2003-12-10,67.75,68.45,67.55,68.10,1623200,57.77
2003-12-09,68.45,68.70,67.55,68.00,1924400,57.68
2003-12-08,67.60,68.15,67.05,67.70,990000,57.43
2003-12-05,68.30,68.80,67.35,68.35,1898200,57.98
2003-12-04,69.75,69.90,68.65,68.90,2029100,58.45
2003-12-03,67.90,70.10,67.65,70.00,2827200,59.38
2003-12-02,68.45,68.85,67.70,67.80,1865100,57.51
2003-12-01,67.50,68.45,66.70,68.45,2123800,58.07
2003-11-28,67.45,67.65,66.15,66.80,5718500,56.67
2003-11-27,66.95,67.30,66.65,67.05,1205400,56.88
2003-11-26,66.60,67.80,66.40,66.90,2111500,56.75
2003-11-25,66.00,67.30,66.00,66.60,2180000,56.50
2003-11-24,65.30,66.20,65.20,65.90,1867700,55.90
2003-11-21,64.65,65.20,64.00,64.95,1571900,55.10
2003-11-20,65.00,65.00,63.35,64.75,2514900,54.93
2003-11-19,63.85,64.65,63.00,64.40,1999400,54.63
2003-11-18,64.80,65.60,64.35,64.55,1737700,54.76
2003-11-17,65.15,65.70,64.30,64.45,1773700,54.67
2003-11-14,65.75,67.50,65.60,66.15,2230400,56.11
2003-11-13,67.00,67.05,65.75,65.90,1526700,55.90
2003-11-12,65.50,66.20,65.00,66.00,1539600,55.99
2003-11-11,65.80,66.05,65.20,65.80,1320700,55.82
2003-11-10,66.75,67.45,66.20,66.20,1462700,56.16
2003-11-07,66.65,67.60,66.55,67.30,3437900,57.09
2003-11-06,66.10,67.40,64.90,65.90,2998100,55.90
2003-11-05,65.65,65.65,64.70,65.35,2090100,55.44
2003-11-04,65.55,65.70,64.70,65.35,1519800,55.44
2003-11-03,64.05,65.90,63.90,65.70,2219000,55.73
2003-10-31,64.30,64.50,63.30,63.90,1440800,54.21
2003-10-30,63.50,65.10,63.10,64.45,2423200,54.67
2003-10-29,63.25,63.75,62.95,63.50,1984700,53.87
2003-10-28,62.00,62.75,61.75,62.55,1530600,53.06
2003-10-27,60.05,62.20,60.05,61.40,2378200,52.08
2003-10-24,59.85,60.40,59.55,59.70,1438500,50.64
2003-10-23,60.35,60.50,59.60,59.70,2375800,50.64
2003-10-22,62.00,62.45,60.80,60.95,1943800,51.70
2003-10-21,63.35,63.50,62.05,62.40,1639200,52.93
2003-10-20,62.60,63.40,62.15,62.90,1359900,53.36
2003-10-17,64.00,64.40,62.55,62.95,2013100,53.40
2003-10-16,63.45,64.20,62.95,63.70,2049600,54.04
2003-10-15,63.00,64.10,62.80,63.45,2635200,53.82
2003-10-14,63.00,63.25,62.25,62.60,1510900,53.10
2003-10-13,61.85,63.05,61.80,62.70,991600,53.19
2003-10-10,62.30,62.65,61.25,61.50,1292600,52.17
2003-10-09,60.65,62.25,60.25,62.05,2316900,52.64
2003-10-08,59.50,60.85,59.25,60.05,1448500,50.94
2003-10-07,60.50,60.70,58.90,59.80,1433600,50.73
2003-10-06,60.65,61.30,60.30,60.50,1016100,51.32
2003-10-03,58.70,61.10,58.50,60.95,2220200,51.70
2003-10-02,59.45,60.15,58.40,58.50,2087700,49.62
2003-10-01,57.05,59.10,56.70,59.10,2331700,50.13
2003-09-30,58.15,58.95,56.70,57.20,2971100,48.52
2003-09-29,58.70,59.55,57.50,58.10,1814300,49.29
2003-09-26,58.45,59.35,57.40,59.05,2383800,50.09
2003-09-25,58.75,59.35,58.25,58.95,2496700,50.01
2003-09-24,60.45,61.55,59.65,59.85,2476500,50.77
2003-09-23,60.75,61.10,59.15,59.90,2799000,50.81
2003-09-22,62.10,62.10,60.25,60.50,2237600,51.32
2003-09-19,63.35,63.60,62.25,62.55,2381100,53.06
2003-09-18,62.20,63.15,61.65,63.10,1907800,53.53
2003-09-17,62.50,63.05,62.10,62.30,2243300,52.85
2003-09-16,61.30,62.10,60.80,61.90,1505200,52.51
2003-09-15,61.20,61.40,60.55,60.95,1349000,51.70
2003-09-12,62.20,62.25,60.35,60.80,2245400,51.58
2003-09-11,61.30,62.25,61.15,61.60,1203700,52.25
2003-09-10,62.00,62.25,61.30,61.80,1581300,52.42
2003-09-09,63.50,63.50,62.20,62.25,1608600,52.81
2003-09-08,61.90,63.50,61.65,63.15,1651900,53.57
2003-09-05,62.60,62.95,61.50,62.05,1375300,52.64
2003-09-04,63.10,63.95,62.35,62.60,1961900,53.10
2003-09-03,61.00,63.85,61.00,63.45,3064600,53.82
2003-09-02,61.70,61.90,60.20,60.45,1646000,51.28
2003-09-01,60.70,62.10,60.70,61.55,1076100,52.21
2003-08-29,62.10,62.40,60.15,60.40,1753500,51.24
2003-08-28,60.70,62.10,60.70,61.70,2396900,52.34
2003-08-27,60.30,60.75,59.90,60.50,1602100,51.32
2003-08-26,60.00,61.30,59.30,59.65,2069600,50.60
2003-08-25,60.45,60.45,59.65,59.95,1241000,50.85
2003-08-22,61.30,61.50,60.15,60.50,2333000,51.32
2003-08-21,62.25,62.60,61.50,61.65,2292700,52.30
2003-08-20,63.25,63.65,61.65,62.30,1710800,52.85
2003-08-19,63.95,64.15,62.75,63.45,1617800,53.82
2003-08-18,64.35,64.40,63.00,63.65,1311300,53.99
2003-08-15,63.75,64.85,63.50,63.75,1572300,54.08
2003-08-14,62.85,63.75,61.80,63.75,1780100,54.08
2003-08-13,63.30,63.35,62.30,62.60,1831800,53.10
2003-08-12,62.30,63.15,61.60,62.75,1293600,53.23
2003-08-11,61.50,62.55,61.30,61.95,1096700,52.55
2003-08-08,61.20,62.20,60.65,61.25,1662200,51.96
2003-08-07,61.60,61.60,59.90,61.00,1717000,51.75
2003-08-06,61.80,62.35,60.60,60.80,1859900,51.58
2003-08-05,62.55,63.40,62.00,62.55,2210700,53.06
2003-08-04,62.30,63.60,61.30,62.00,2223900,52.59
2003-08-01,64.00,64.50,62.05,62.30,3954400,52.85
2003-07-31,62.25,63.25,60.75,62.35,2760000,52.89
2003-07-30,61.05,62.60,60.95,61.80,2110300,52.42
2003-07-29,61.15,62.75,60.85,61.20,3162900,51.92
2003-07-28,60.05,61.25,59.90,61.20,1978800,51.92
2003-07-25,59.70,60.15,59.10,59.25,1524100,50.26
2003-07-24,57.95,60.35,57.90,60.30,4117700,51.15
2003-07-23,57.95,58.45,57.40,57.70,1198800,48.95
2003-07-22,57.20,57.75,56.70,57.50,1218100,48.78
2003-07-21,58.80,59.35,56.65,57.00,1433300,48.35
2003-07-18,58.65,58.80,57.50,58.10,1618900,49.29
2003-07-17,59.35,59.35,57.85,58.40,1793600,49.54
2003-07-16,59.90,61.35,59.00,59.25,2436400,50.26
2003-07-15,59.00,60.50,58.50,59.40,1808500,50.39
2003-07-14,58.30,59.65,57.75,59.30,1242800,50.30
2003-07-11,56.20,58.10,55.85,57.85,1333600,49.07
2003-07-10,57.10,57.30,55.95,56.35,2109500,47.80
2003-07-09,58.90,59.15,57.05,57.45,1738500,48.73
2003-07-08,57.15,59.60,57.15,58.80,1746300,49.88
2003-07-07,57.90,59.25,57.90,59.10,1889900,50.13
2003-07-04,57.05,57.90,56.90,57.50,1703100,48.78
2003-07-03,56.10,57.50,55.90,57.50,2821600,48.78
2003-07-02,54.80,56.00,54.80,55.85,1495100,47.38
2003-07-01,55.55,55.85,53.50,53.90,2126100,45.72
2003-06-30,55.65,56.70,55.10,55.20,2471300,46.83
2003-06-27,56.60,56.90,55.10,55.70,2368200,47.25
2003-06-26,56.00,57.25,55.60,56.45,2025300,47.89
2003-06-25,56.55,57.30,55.45,56.65,2674900,48.06
2003-06-24,57.15,57.40,55.85,56.55,3186200,47.97
2003-06-23,58.35,58.60,56.85,57.15,2108200,48.48
2003-06-20,57.20,59.25,57.20,58.75,3266200,49.84
2003-06-19,59.45,59.65,57.40,57.80,3009300,49.03
2003-06-18,58.80,60.10,58.40,59.40,2987400,50.39
2003-06-17,58.75,59.60,58.35,58.85,2177200,49.92
2003-06-16,56.15,58.45,55.65,58.30,1813500,49.46
2003-06-13,57.50,58.20,56.65,56.95,4270700,48.31
2003-06-12,57.00,58.75,56.90,57.70,3410300,48.95
2003-06-11,55.50,57.15,55.35,56.60,2450900,48.01
2003-06-10,54.35,55.60,54.10,55.55,2198000,47.12
2003-06-09,54.85,55.45,54.00,54.75,1669600,46.44
2003-06-06,53.80,55.75,53.80,55.25,3299600,46.87
2003-06-05,54.35,55.15,53.30,53.80,3356100,45.64
2003-06-04,53.65,54.80,52.75,53.95,2734100,45.77
2003-06-03,52.00,53.45,51.95,53.45,2219900,45.34
2003-06-02,52.50,53.00,51.45,52.65,2323200,44.66
2003-05-30,50.90,52.30,50.55,52.20,3297000,44.28
2003-05-29,51.35,51.90,51.10,51.45,2010300,43.64
2003-05-28,50.95,51.45,50.30,51.25,2886800,43.47
2003-05-27,51.30,51.30,49.05,50.00,2430400,42.41
2003-05-26,50.70,52.10,50.25,51.00,1278200,43.26
2003-05-23,50.35,50.95,49.03,50.80,2439700,43.09
2003-05-22,50.00,50.60,49.31,49.52,2853000,42.01
2003-05-21,50.10,50.50,48.66,50.20,3764500,42.58
2003-05-20,50.50,51.35,49.42,50.25,3169100,42.63
2003-05-19,53.00,53.15,50.15,50.50,3651100,42.84
2003-05-16,55.45,55.50,52.40,53.80,3712500,45.64
2003-05-15,55.25,55.70,53.75,55.15,2976000,46.78
2003-05-14,55.05,56.40,54.80,54.80,1689900,46.49
2003-05-13,55.40,56.00,54.40,55.45,1273900,47.04
2003-05-12,55.75,56.00,53.85,55.25,1193800,46.87
2003-05-09,54.00,55.35,53.05,55.35,2248500,46.95
2003-05-08,57.50,57.60,53.70,54.05,2454500,45.85
2003-05-07,57.55,58.50,56.85,57.55,5123800,48.82
2003-05-06,55.35,57.75,55.05,57.65,2090600,48.90
2003-05-05,55.50,56.85,55.50,55.80,5002500,47.33
2003-05-02,54.50,55.45,53.45,55.25,1311300,46.87
2003-05-01,54.80,54.80,54.80,54.80,000,46.49
2003-04-30,55.75,56.00,54.65,54.80,2450600,46.49
2003-04-29,55.50,57.45,55.15,55.20,5305600,46.83
2003-04-28,51.75,54.85,51.55,54.55,3049600,46.27
2003-04-25,53.00,53.55,51.70,52.15,1773700,44.24
2003-04-24,53.80,54.60,53.00,53.00,2339800,44.96
2003-04-23,56.35,57.00,55.35,56.45,2421200,46.10
2003-04-22,56.50,56.50,54.15,55.00,5300500,44.92
2003-04-21,55.10,55.10,55.10,55.10,000,45.00
2003-04-18,55.10,55.10,55.10,55.10,000,45.00
2003-04-17,54.70,55.90,53.85,55.10,1957700,43.29
2003-04-16,56.00,57.00,54.60,54.80,4146100,43.05
2003-04-15,55.40,56.80,54.60,55.50,2747500,43.60
2003-04-14,52.90,54.80,52.10,54.35,2930800,42.70
2003-04-11,53.10,55.00,52.85,53.25,2210200,41.83
2003-04-10,53.00,53.75,52.50,52.95,2355700,41.60
2003-04-09,52.90,55.20,52.45,53.80,5384100,42.27
2003-04-08,53.70,54.75,53.00,53.90,3262500,42.34
2003-04-07,54.10,56.00,53.80,54.00,3712400,42.42
2003-04-04,51.45,53.00,50.65,52.10,1806900,40.93
2003-04-03,50.20,52.15,49.85,51.05,2503000,40.11
2003-04-02,49.10,50.40,48.61,49.85,3238500,39.16
2003-04-01,47.33,48.20,46.88,47.84,2604900,37.58
2003-03-31,47.83,48.25,46.75,47.32,3259900,37.17
2003-03-28,50.05,50.15,48.51,50.00,2254700,39.28
2003-03-27,50.90,50.90,48.95,49.60,3246900,38.97
2003-03-26,51.40,53.25,50.35,51.45,2179400,40.42
2003-03-25,50.60,51.75,49.55,51.50,3420100,40.46
2003-03-24,53.25,53.65,50.80,51.50,3285000,40.46
2003-03-21,52.25,54.85,52.00,54.50,3340900,42.82
2003-03-20,52.55,53.65,51.20,51.60,2467600,40.54
2003-03-19,51.90,54.90,50.80,53.10,3171000,41.72
2003-03-18,51.00,53.05,49.77,51.35,4014000,40.34
2003-03-17,46.61,51.90,46.61,50.75,3358100,39.87
2003-03-14,45.65,49.53,45.25,48.86,4878800,38.38
2003-03-13,43.17,44.80,43.13,44.66,2079700,35.09
2003-03-12,45.00,45.30,42.80,42.90,3067800,33.70
2003-03-11,45.05,45.95,44.03,44.81,2376800,35.20
2003-03-10,46.70,46.70,45.16,45.65,1678300,35.86
2003-03-07,47.15,47.35,46.22,46.76,2415500,36.73
2003-03-06,49.00,49.06,46.92,47.67,1902900,37.45
2003-03-05,48.77,48.77,47.82,48.45,1877900,38.06
2003-03-04,50.15,50.20,48.00,49.05,1914100,38.53
2003-03-03,50.00,51.75,49.86,50.55,1374700,39.71
2003-02-28,49.13,50.95,48.51,49.80,1837600,39.12
2003-02-27,48.30,49.80,47.60,49.14,2062100,38.60
2003-02-26,50.30,50.65,48.60,48.75,4856300,38.30
2003-02-25,50.45,50.60,48.80,49.80,2068200,39.12
2003-02-24,51.80,52.85,50.75,50.75,1304000,39.87
2003-02-21,50.70,52.10,50.70,51.90,1263800,40.77
2003-02-20,52.50,53.00,50.80,51.30,1489200,40.30
2003-02-19,53.40,53.80,52.30,52.50,1270700,41.24
2003-02-18,53.00,54.10,52.10,53.60,1785000,42.11
2003-02-17,53.50,54.05,52.60,53.00,1434200,41.64
2003-02-14,50.55,52.90,50.30,52.85,2846100,41.52
2003-02-13,48.50,50.80,48.00,50.20,2979400,39.44
2003-02-12,49.00,49.08,48.04,48.49,2147000,38.09
2003-02-11,49.34,50.20,48.80,49.70,2705200,39.04
2003-02-10,50.20,50.20,48.33,48.50,1918100,38.10
2003-02-07,50.75,51.80,49.75,50.00,2135500,39.28
2003-02-06,50.50,52.40,50.05,50.75,3891900,39.87
2003-02-05,53.50,53.70,49.95,51.15,5133800,40.18
2003-02-04,55.55,55.70,52.85,53.10,2043600,41.72
2003-02-03,55.10,56.15,54.75,55.70,1976600,43.76
2003-01-31,51.70,54.60,51.15,54.40,3357100,42.74
2003-01-30,50.25,52.55,49.70,52.40,2554900,41.17
2003-01-29,50.80,50.80,48.50,49.86,2898700,39.17
2003-01-28,51.15,51.85,50.05,51.05,1738300,40.11
2003-01-27,51.90,53.20,50.50,50.55,2668800,39.71
2003-01-24,53.00,54.35,51.65,52.15,2185500,40.97
2003-01-23,53.20,54.35,52.15,52.75,2023200,41.44
2003-01-22,54.85,54.85,52.40,53.10,2050100,41.72
2003-01-21,56.50,56.50,54.00,54.60,2791100,42.89
2003-01-20,56.15,56.80,55.20,56.00,2518200,43.99
2003-01-17,57.05,57.15,55.40,55.75,1487300,43.80
2003-01-16,58.45,58.75,57.00,57.45,2102900,45.13
2003-01-15,58.10,58.85,56.90,57.35,2352600,45.05
2003-01-14,57.15,58.35,56.55,57.60,2113200,45.25
2003-01-13,57.00,58.65,56.85,56.95,2234700,44.74
2003-01-10,56.20,57.55,55.40,56.40,2061500,44.31
2003-01-09,55.60,56.00,54.50,56.00,1854700,43.99
2003-01-08,57.70,57.90,55.60,55.60,2260600,43.68
2003-01-07,58.35,58.90,57.55,57.55,1754600,45.21
2003-01-06,58.35,58.85,56.50,58.20,1492500,45.72
2003-01-03,57.15,59.00,56.80,57.90,2359200,45.49
2003-01-02,55.00,57.60,54.80,57.55,2158100,45.21
2003-01-01,55.50,55.50,55.50,55.50,000,43.60

