annee	mois	jour	charleville_max	cannes_max
2010	1	1	-0,5	13,1
2010	1	2	0,3	11,2
2010	1	3	0,4	10,2
2010	1	4	-1,9	7,8
2010	1	5	-1,4	7,8
2010	1	6	-3,9	9,3
2010	1	7	-4,6	10,1
2010	1	8	-1,7	10,2
2010	1	9	-1,1	7,6
2010	1	10	-0,3	2,4
2010	1	11	0	10,3
2010	1	12	-0,3	10,5
2010	1	13	2,4	11,2
2010	1	14	4,6	8,9
2010	1	15	2,3	14,5
2010	1	16	7,5	11,7
2010	1	17	8,2	10,7
2010	1	18	2,7	12,7
2010	1	19	3	13,8
2010	1	20	2,2	11,1
2010	1	21	2,6	13,3
2010	1	22	-1	13,1
2010	1	23	2	11,5
2010	1	24	2,6	11,1
2010	1	25	5,6	9,9
2010	1	26	-0,3	9,1
2010	1	27	1,6	13,7
2010	1	28	4,2	11,7
2010	1	29	2	12,2
2010	1	30	1,3	11,9
2010	1	31	3,1	9,1
2010	2	1	3,3	11,2
2010	2	2	5,5	11,3
2010	2	3	6,3	14,4
2010	2	4	8,2	14
2010	2	5	8,5	12,4
2010	2	6	6	16,9
2010	2	7	3,6	14,6
2010	2	8	3,7	11,9
2010	2	9	-1,3	10,9
2010	2	10	-1,9	11,5
2010	2	11	-1,4	2,3
2010	2	12	-1,5	10,3
2010	2	13	-1,7	6,2
2010	2	14	1,4	10,9
2010	2	15	0,5	10,8
2010	2	16	1,9	11,8
2010	2	17	2,7	8,9
2010	2	18	7,2	14,2
2010	2	19	5	14,8
2010	2	20	4,1	14,5
2010	2	21	6,4	13,7
2010	2	22	13,5	11,1
2010	2	23	10,4	12,8
2010	2	24	11,4	14,6
2010	2	25	10,4	15,1
2010	2	26	8	18,4
2010	2	27	13,2	16,1
2010	2	28	12,1	16,9
2010	3	1	8,6	18,1
2010	3	2	10,1	16,5
2010	3	3	9,6	12
2010	3	4	6,4	14,6
2010	3	5	5,6	13,5
2010	3	6	4	14,6
2010	3	7	3,8	8,1
2010	3	8	5,9	10,2
2010	3	9	4,5	9,1
2010	3	10	8,8	8,3
2010	3	11	4,9	13
2010	3	12	5,9	9,8
2010	3	13	6,5	13,5
2010	3	14	7,9	15,5
2010	3	15	12,2	15,3
2010	3	16	12,1	15,8
2010	3	17	14,1	16,8
2010	3	18	18,3	15,2
2010	3	19	18	16,9
2010	3	20	15	16,3
2010	3	21	10,4	16,4
2010	3	22	13,5	17,1
2010	3	23	16	19,2
2010	3	24	18,4	17,3
2010	3	25	18,6	18,1
2010	3	26	12,6	19,8
2010	3	27	9,2	16,3
2010	3	28	12	17,2
2010	3	29	16,3	16,1
2010	3	30	12,9	16,9
2010	3	31	11,1	18,2
2010	4	1	9,7	18,4
2010	4	2	10,3	18,3
2010	4	3	10,7	15,1
2010	4	4	9	14,9
2010	4	5	12,5	17,3
2010	4	6	17,6	16,4
2010	4	7	15,8	18,9
2010	4	8	10	17,1
2010	4	9	16,2	21,3
2010	4	10	14,2	23,5
2010	4	11	11,4	18,3
2010	4	12	12,5	15,6
2010	4	13	16,5	15,5
2010	4	14	16	17,2
2010	4	15	15,5	16,5
2010	4	16	12,9	19,9
2010	4	17	18,9	18,3
2010	4	18	21,6	17,8
2010	4	19	18,2	19,2
2010	4	20	16,6	18,7
2010	4	21	14,6	18,4
2010	4	22	15,2	19,4
2010	4	23	20,2	16,3
2010	4	24	23,5	22,2
2010	4	25	23,9	22,7
2010	4	26	17	24,5
2010	4	27	21	24,4
2010	4	28	24,1	23,7
2010	4	29	25,6	22,7
2010	4	30	17,1	24,3
2010	5	1	17,9	20,1
2010	5	2	15,8	21,5
2010	5	3	9,1	21
2010	5	4	-1000	17,9
2010	5	5	12	16
2010	5	6	12,2	15,1
2010	5	7	13,2	16,9
2010	5	8	16,3	18,2
2010	5	9	17	18,7
2010	5	10	16,4	19,8
2010	5	11	8,9	19,9
2010	5	12	8,6	19,9
2010	5	13	11,3	21,8
2010	5	14	11,6	19,4
2010	5	15	15,3	19,9
2010	5	16	18,1	22,7
2010	5	17	16,3	23,9
2010	5	18	17,2	22,3
2010	5	19	18,5	20,7
2010	5	20	20,9	22,1
2010	5	21	22,4	23,9
2010	5	22	23,5	26,3
2010	5	23	26,6	23,8
2010	5	24	27,2	22,2
2010	5	25	27,6	29,6
2010	5	26	20,7	25,8
2010	5	27	18,3	29,8
2010	5	28	19,3	21,9
2010	5	29	19,5	22,6
2010	5	30	17	24,5
2010	5	31	13,8	23,8
2010	6	1	14,2	25,8
2010	6	2	21,5	24,3
2010	6	3	24,4	24,5
2010	6	4	27,6	23,5
2010	6	5	29,2	23
2010	6	6	25,1	23
2010	6	7	22,2	24,2
2010	6	8	22,3	25
2010	6	9	19,1	25,5
2010	6	10	22,1	27,2
2010	6	11	26,4	26,2
2010	6	12	20,3	23,6
2010	6	13	20,9	24,4
2010	6	14	21,3	25,1
2010	6	15	20,7	21,7
2010	6	16	23,1	26
2010	6	17	17	22,6
2010	6	18	19,2	26,2
2010	6	19	15,7	24,4
2010	6	20	13,8	21,6
2010	6	21	16,7	25,7
2010	6	22	23	27,5
2010	6	23	26,4	23,7
2010	6	24	28,3	22,8
2010	6	25	28	23,4
2010	6	26	28,3	24,4
2010	6	27	30,5	25,6
2010	6	28	30,7	25,6
2010	6	29	28,4	26,2
2010	6	30	28,8	28,7
2010	7	1	31,8	29
2010	7	2	34,6	30,6
2010	7	3	29,5	32,8
2010	7	4	26,5	28
2010	7	5	24,1	28,1
2010	7	6	24	27,8
2010	7	7	28,9	28,4
2010	7	8	32,6	30,4
2010	7	9	32,8	30,4
2010	7	10	35,1	32,6
2010	7	11	33	31
2010	7	12	22,8	30,7
2010	7	13	27,8	31,6
2010	7	14	32,2	30,5
2010	7	15	24,2	28,6
2010	7	16	27,7	29
2010	7	17	23	30,9
2010	7	18	24,6	30,4
2010	7	19	30,3	30,3
2010	7	20	30,8	30,1
2010	7	21	25,1	30,1
2010	7	22	24,1	29,9
2010	7	23	21,2	34,3
2010	7	24	21,3	29,5
2010	7	25	20,8	30,6
2010	7	26	21,4	28
2010	7	27	20,4	27,4
2010	7	28	25	28,4
2010	7	29	20,1	34,4
2010	7	30	24,1	29,9
2010	7	31	26	27,5
2010	8	1	22,5	27,2
2010	8	2	23,8	27,5
2010	8	3	23,4	28,3
2010	8	4	22,1	27,5
2010	8	5	20,1	30,7
2010	8	6	23,3	27,3
2010	8	7	26,3	26,2
2010	8	8	22,1	26,6
2010	8	9	24,4	26,8
2010	8	10	26,4	27,3
2010	8	11	20,8	28,6
2010	8	12	22,2	27,8
2010	8	13	20,2	27,5
2010	8	14	21,7	21,4
2010	8	15	16,4	28,4
2010	8	16	17,4	29
2010	8	17	17,6	25,6
2010	8	18	21,6	26,2
2010	8	19	22,7	27,9
2010	8	20	28,4	27,2
2010	8	21	29,3	28,7
2010	8	22	26,9	29,7
2010	8	23	22,2	30,6
2010	8	24	20,9	27,1
2010	8	25	21,7	27,4
2010	8	26	24,2	27,2
2010	8	27	22,5	30,3
2010	8	28	19,6	31,4
2010	8	29	17	28,7
2010	8	30	17,5	27
2010	8	31	26	27,5
2010	9	1	20,8	27,8
2010	9	2	21,4	25
2010	9	3	22	26,1
2010	9	4	21,9	26,9
2010	9	5	21,6	26,6
2010	9	6	20,6	25,8
2010	9	7	17,4	24,1
2010	9	8	19,4	27,8
2010	9	9	20,4	26,1
2010	9	10	20	26,3
2010	9	11	23,4	27
2010	9	12	18,5	25,4
2010	9	13	19,1	25,6
2010	9	14	20	26,3
2010	9	15	18,1	26,7
2010	9	16	17,6	27,9
2010	9	17	16,4	24,1
2010	9	18	16	24,3
2010	9	19	17,5	23,5
2010	9	20	20,8	23,6
2010	9	21	23,3	25,4
2010	9	22	24,4	25,7
2010	9	23	24,6	25,1
2010	9	24	15,9	22,3
2010	9	25	15,6	22,3
2010	9	26	11,3	22,6
2010	9	27	14,6	22,8
2010	9	28	13,2	21,5
2010	9	29	14,2	22,9
2010	9	30	11	17,2
2010	10	1	15,7	22,2
2010	10	2	17,2	23,7
2010	10	3	23,4	24,3
2010	10	4	21,7	22,9
2010	10	5	18,8	25
2010	10	6	21,7	22,5
2010	10	7	22,4	24,8
2010	10	8	20,3	22,6
2010	10	9	21,1	22,1
2010	10	10	20,9	21,2
2010	10	11	21,1	17,8
2010	10	12	18,3	22,3
2010	10	13	13,5	20,9
2010	10	14	13,4	20,8
2010	10	15	13	20,7
2010	10	16	13	21,8
2010	10	17	6,7	16,5
2010	10	18	11,8	19,6
2010	10	19	12,5	22,5
2010	10	20	9,3	22,2
2010	10	21	9,5	19,7
2010	10	22	9,4	19,5
2010	10	23	8,7	18,8
2010	10	24	12,4	20,3
2010	10	25	10,9	14,7
2010	10	26	10,5	18,9
2010	10	27	12	17,9
2010	10	28	11	18,1
2010	10	29	14,4	18,6
2010	10	30	10,4	16,9
2010	10	31	16,1	16,8
2010	11	1	13,8	16,3
2010	11	2	12,8	18
2010	11	3	15	21,3
2010	11	4	17,1	19,7
2010	11	5	16	19,9
2010	11	6	12,3	22,5
2010	11	7	8,7	17,6
2010	11	8	7	13,5
2010	11	9	8,8	16,4
2010	11	10	7,8	16
2010	11	11	13,4	17,8
2010	11	12	14,1	21,7
2010	11	13	14,3	18,9
2010	11	14	13,7	16,8
2010	11	15	10,7	16,8
2010	11	16	10,7	12,7
2010	11	17	4,9	17,2
2010	11	18	6,5	15,1
2010	11	19	7,9	15,6
2010	11	20	9,6	11,7
2010	11	21	5,5	14,4
2010	11	22	4,1	15,4
2010	11	23	5,8	16,3
2010	11	24	5,8	11,9
2010	11	25	2,3	11,5
2010	11	26	2,2	10,4
2010	11	27	2,3	8,1
2010	11	28	0,8	11,4
2010	11	29	-0,5	11,8
2010	11	30	0,2	12,1
2010	12	1	-2,4	12,2
2010	12	2	-2,1	11,8
2010	12	3	3	9,2
2010	12	4	1,4	10,7
2010	12	5	0,6	8,5
2010	12	6	1,8	10,8
2010	12	7	1,4	15,3
2010	12	8	1,2	15,5
2010	12	9	1,5	19,1
2010	12	10	2,6	13,7
2010	12	11	3,1	13,7
2010	12	12	5	13,7
2010	12	13	1,7	13,2
2010	12	14	-1,1	10,7
2010	12	15	1,8	6,5
2010	12	16	2,1	6,4
2010	12	17	-0,3	9,3
2010	12	18	-0,7	10,5
2010	12	19	4,1	10,6
2010	12	20	0,9	13,6
2010	12	21	2,7	10,9
2010	12	22	2,4	13,7
2010	12	23	-0,2	13,1
2010	12	24	-1,1	11,6
2010	12	25	-2,6	6,1
2010	12	26	-1	5,7
2010	12	27	-1,8	9,8
2010	12	28	0,8	10,1
2010	12	29	2,1	9,1
2010	12	30	2,9	10,7
2010	12	31	4,1	12,8
